#Timestamp,lat,lon,alt,dist (m),num sats,gps qual,speed (knts),course,date
173540.000,38.888745,-77.028107,3.4,0.000000,07,1,2.53,275.91,270915
173545.000,38.888745,-77.028187,4.7,6.924032,07,1,2.59,285.04,270915
173550.000,38.888758,-77.028258,5.4,6.377504,08,1,2.64,300.90,270915
173555.000,38.888770,-77.028327,6.3,6.054881,08,1,2.33,288.05,270915
173600.000,38.888767,-77.028368,6.9,3.625263,07,1,1.03,238.73,270915
173605.000,38.888748,-77.028380,7.6,2.274948,07,1,0.62,164.48,270915
173610.000,38.888728,-77.028387,9.7,2.297533,07,1,0.32,173.90,270915
173615.000,38.888713,-77.028397,12.7,1.879114,07,1,0.06,92.93,270915
173620.000,38.888717,-77.028370,15.5,2.337584,07,1,0.58,50.02,270915
173625.000,38.888733,-77.028353,14.0,2.348480,07,1,0.32,57.04,270915
173630.000,38.888748,-77.028332,14.3,2.509694,07,1,0.76,46.16,270915
173635.000,38.888762,-77.028303,14.4,2.865604,07,1,0.62,48.61,270915
173640.000,38.888775,-77.028287,14.6,2.068556,07,1,0.76,49.78,270915
173645.000,38.888793,-77.028270,14.9,2.497320,07,1,0.59,48.34,270915
173650.000,38.888805,-77.028262,15.0,1.484293,07,1,0.34,62.89,270915
173655.000,38.888815,-77.028265,15.3,1.148766,07,1,0.35,31.40,270915
173700.000,38.888810,-77.028273,15.4,0.910666,08,1,0.63,45.12,270915
173705.000,38.888805,-77.028278,15.0,0.704544,08,1,0.25,83.27,270915
173710.000,38.888798,-77.028283,14.4,0.858370,08,1,0.10,0.60,270915
173715.000,38.888795,-77.028285,14.3,0.397730,08,1,0.17,14.68,270915
173720.000,38.888795,-77.028285,13.5,0.000000,08,1,0.16,17.77,270915
173725.000,38.888798,-77.028283,13.4,0.397730,08,1,0.16,18.64,270915
173730.000,38.888802,-77.028282,13.3,0.397730,08,1,0.11,359.83,270915
173735.000,38.888803,-77.028282,13.2,0.185325,08,1,0.12,37.66,270915
173740.000,38.888807,-77.028280,12.8,0.397730,08,1,0.17,10.34,270915
173745.000,38.888810,-77.028280,12.5,0.370650,08,1,0.13,299.82,270915
173750.000,38.888812,-77.028283,11.8,0.342897,08,1,0.08,303.53,270915
173755.000,38.888812,-77.028285,11.4,0.144251,07,1,0.23,93.10,270915
173800.000,38.888812,-77.028278,11.0,0.577002,08,1,0.30,111.03,270915
173805.000,38.888810,-77.028270,10.8,0.744682,07,1,0.19,124.95,270915
173810.000,38.888807,-77.028265,10.6,0.569785,07,1,0.01,25.26,270915
173815.000,38.888807,-77.028265,10.4,0.000000,08,1,0.10,21.87,270915
173820.000,38.888808,-77.028265,10.3,0.185325,07,1,0.56,116.40,270915
173825.000,38.888803,-77.028250,10.3,1.412294,07,1,0.48,62.01,270915
173830.000,38.888808,-77.028237,10.2,1.280950,08,1,1.15,103.94,270915
173835.000,38.888800,-77.028240,9.9,0.970498,08,1,0.35,68.13,270915
173840.000,38.888808,-77.028238,9.3,0.937785,08,1,0.17,55.28,270915
173845.000,38.888825,-77.028243,9.0,1.903104,08,1,0.48,18.94,270915
173850.000,38.888843,-77.028228,8.8,2.416867,08,1,0.41,18.76,270915
173855.000,38.888853,-77.028225,8.7,1.148766,08,1,0.48,28.95,270915
173900.000,38.888863,-77.028217,8.7,1.325381,08,1,0.20,8.54,270915
173905.000,38.888868,-77.028217,8.6,0.555975,08,1,0.20,359.22,270915
173910.000,38.888872,-77.028217,8.4,0.370650,08,1,0.09,286.95,270915
173915.000,38.888872,-77.028220,8.1,0.288501,08,1,0.12,246.25,270915
173920.000,38.888870,-77.028223,7.9,0.342897,07,1,0.10,1.22,270915
173925.000,38.888873,-77.028225,7.7,0.397730,07,1,0.09,41.41,270915
173930.000,38.888873,-77.028223,7.5,0.144250,07,1,0.19,199.99,270915
173935.000,38.888868,-77.028225,7.2,0.574383,07,1,0.11,157.79,270915
173940.000,38.888865,-77.028225,6.9,0.370650,07,1,0.32,149.51,270915
173945.000,38.888858,-77.028220,6.7,0.858370,07,1,0.29,170.84,270915
173950.000,38.888852,-77.028218,6.5,0.755204,07,1,0.27,178.85,270915
173955.000,38.888845,-77.028220,6.4,0.755204,07,1,0.27,179.68,270915
174000.000,38.888838,-77.028220,6.2,0.741300,07,1,0.12,152.16,270915
174005.000,38.888835,-77.028218,6.0,0.397730,07,1,0.05,210.04,270915
174010.000,38.888833,-77.028220,5.8,0.234848,08,1,0.31,138.60,270915
174015.000,38.888828,-77.028215,5.7,0.704544,08,1,0.09,10.60,270915
174020.000,38.888830,-77.028213,5.6,0.234848,08,1,0.28,136.78,270915
174025.000,38.888825,-77.028208,5.5,0.704544,08,1,0.58,201.77,270915
174030.000,38.888812,-77.028215,5.4,1.590922,07,1,0.25,246.68,270915
174035.000,38.888810,-77.028223,5.3,0.744682,08,1,0.61,12.50,270915
174040.000,38.888805,-77.028245,4.9,1.955939,08,1,1.04,12.48,270915
174045.000,38.888783,-77.028282,4.3,3.984412,08,1,0.12,279.23,270915
174050.000,38.888773,-77.028300,4.1,1.937583,08,1,0.23,189.75,270915
174055.000,38.888760,-77.028313,4.0,1.878784,08,1,0.32,238.22,270915
174100.000,38.888757,-77.028323,3.7,0.941530,08,1,0.27,264.01,270915
174105.000,38.888757,-77.028332,3.8,0.721253,08,1,1.08,229.88,270915
174110.000,38.888745,-77.028345,2.6,1.736274,08,1,0.10,194.44,270915
174115.000,38.888752,-77.028352,1.8,0.939392,08,1,0.23,8.13,270915
174120.000,38.888753,-77.028353,1.0,0.234848,08,1,0.25,28.71,270915
174125.000,38.888747,-77.028350,0.7,0.795461,08,1,0.15,97.30,270915
174130.000,38.888747,-77.028345,0.6,0.432752,08,1,0.13,11.47,270915
174135.000,38.888750,-77.028343,0.5,0.397730,08,1,0.09,60.05,270915
174140.000,38.888750,-77.028342,0.5,0.144251,08,1,0.22,65.73,270915
174145.000,38.888753,-77.028335,0.5,0.685794,08,1,0.23,108.77,270915
174150.000,38.888750,-77.028328,0.6,0.685794,08,1,0.15,83.38,270915
174155.000,38.888752,-77.028325,0.6,0.342897,08,1,0.18,352.01,270915
174200.000,38.888755,-77.028325,0.7,0.370650,08,1,0.11,336.91,270915
174205.000,38.888757,-77.028327,0.7,0.234848,08,1,0.08,37.06,270915
174210.000,38.888758,-77.028325,0.8,0.234848,08,1,0.09,1.62,270915
174215.000,38.888760,-77.028325,0.8,0.185325,08,1,0.09,89.96,270915
174220.000,38.888760,-77.028323,0.8,0.144251,08,1,0.17,343.39,270915
174225.000,38.888765,-77.028325,0.7,0.574383,08,1,0.27,335.72,270915
174230.000,38.888770,-77.028328,0.7,0.626371,08,1,0.12,31.30,270915
174235.000,38.888773,-77.028327,0.5,0.397730,08,1,0.19,20.60,270915
174240.000,38.888777,-77.028323,0.4,0.469696,08,1,0.12,30.64,270915
174245.000,38.888780,-77.028322,0.3,0.397730,08,1,0.11,330.94,270915
174250.000,38.888782,-77.028323,0.1,0.234848,08,1,0.14,9.46,270915
174255.000,38.888785,-77.028323,0.0,0.370650,08,1,0.07,338.47,270915
174300.000,38.888787,-77.028325,-0.1,0.234848,08,1,0.20,6.66,270915
174305.000,38.888792,-77.028323,-0.2,0.574383,08,1,0.21,33.59,270915
174310.000,38.888795,-77.028320,-0.5,0.469696,08,1,0.18,36.69,270915
174315.000,38.888798,-77.028317,-0.7,0.469696,08,1,0.19,8.66,270915
174320.000,38.888803,-77.028317,-0.9,0.555975,08,1,0.29,348.12,270915
174325.000,38.888810,-77.028318,-1.3,0.755204,08,1,0.25,10.85,270915
174330.000,38.888815,-77.028317,-1.9,0.574383,08,1,0.38,130.89,270915
174335.000,38.888808,-77.028308,-2.3,1.034278,08,1,0.14,120.52,270915
174340.000,38.888807,-77.028305,-2.5,0.342897,08,1,0.23,107.05,270915
174345.000,38.888805,-77.028298,-2.7,0.606034,08,1,0.08,4.82,270915
174350.000,38.888807,-77.028298,-2.8,0.185325,08,1,0.07,215.98,270915
174355.000,38.888805,-77.028300,-2.8,0.234848,08,1,0.10,98.17,270915
174400.000,38.888805,-77.028297,-2.8,0.288501,08,1,0.11,156.66,270915
174405.000,38.888802,-77.028297,-2.8,0.370650,08,1,0.11,348.40,270915
174410.000,38.888805,-77.028297,-2.9,0.370650,08,1,0.30,103.42,270915
174415.000,38.888803,-77.028288,-3.1,0.744682,08,1,0.09,24.07,270915
174420.000,38.888805,-77.028288,-3.3,0.185325,08,1,0.09,31.78,270915
174425.000,38.888807,-77.028287,-3.6,0.234848,08,1,0.15,172.51,270915
174430.000,38.888803,-77.028287,-3.8,0.370650,08,1,0.22,154.32,270915
174435.000,38.888798,-77.028283,-3.9,0.626371,08,1,0.15,22.77,270915
174440.000,38.888802,-77.028282,-4.1,0.397730,08,1,0.22,227.55,270915
174445.000,38.888798,-77.028287,-4.3,0.569785,08,1,0.10,185.85,270915
174450.000,38.888797,-77.028288,-4.4,0.234848,08,1,0.19,40.72,270915
174455.000,38.888800,-77.028285,-4.5,0.469696,08,1,0.26,15.85,270915
174500.000,38.888805,-77.028282,-4.7,0.626371,08,1,0.09,166.36,270915
174505.000,38.888803,-77.028282,-4.9,0.185325,08,1,0.17,146.06,270915
174510.000,38.888798,-77.028278,-5.0,0.626371,08,1,0.16,199.27,270915
174515.000,38.888795,-77.028280,-5.1,0.397730,08,1,0.11,108.94,270915
174520.000,38.888795,-77.028278,-5.3,0.144251,08,1,0.08,5.82,270915
174525.000,38.888797,-77.028278,-5.5,0.185325,08,1,0.07,332.35,270915
174530.000,38.888797,-77.028280,-5.8,0.144251,08,1,0.07,293.15,270915
174535.000,38.888798,-77.028282,-6.2,0.234848,08,1,0.04,243.74,270915
174540.000,38.888797,-77.028283,-6.4,0.234848,08,1,0.13,101.70,270915
174545.000,38.888797,-77.028280,-6.5,0.288501,08,1,0.19,70.11,270915
174550.000,38.888798,-77.028275,-6.7,0.470765,08,1,0.08,36.71,270915
174555.000,38.888800,-77.028273,-7.0,0.234848,08,1,0.20,12.53,270915
174600.000,38.888805,-77.028272,-7.2,0.574383,08,1,0.11,355.69,270915
174605.000,38.888807,-77.028272,-7.7,0.185325,08,1,0.39,253.23,270915
174610.000,38.888805,-77.028283,-8.1,1.026620,08,1,0.34,251.13,270915
174615.000,38.888803,-77.028293,-8.6,0.885122,08,1,0.31,20.60,270915
174620.000,38.888810,-77.028290,-9.1,0.795461,08,1,0.20,54.14,270915
174625.000,38.888812,-77.028285,-9.6,0.470765,08,1,0.11,33.15,270915
174630.000,38.888813,-77.028283,-10.0,0.234848,08,1,0.34,160.08,270915
174635.000,38.888807,-77.028280,-10.3,0.795461,08,1,0.18,98.18,270915
174640.000,38.888807,-77.028275,-10.6,0.432752,08,1,0.41,51.84,270915
174645.000,38.888812,-77.028265,-10.9,1.028690,08,1,0.38,74.40,270915
174650.000,38.888815,-77.028253,-11.3,1.075632,08,1,0.05,32.07,270915
174655.000,38.888815,-77.028253,-11.7,0.000000,08,1,0.24,348.11,270915
174700.000,38.888822,-77.028255,-12.1,0.755204,08,1,0.15,42.20,270915
174705.000,38.888823,-77.028253,-12.9,0.234848,08,1,0.20,338.52,270915
174710.000,38.888828,-77.028257,-13.5,0.626371,08,1,0.23,325.24,270915
174715.000,38.888833,-77.028260,-14.1,0.626371,08,1,0.22,288.85,270915
174720.000,38.888835,-77.028268,-14.5,0.744681,08,1,0.33,251.52,270915
174725.000,38.888833,-77.028277,-14.8,0.744681,08,1,0.11,334.10,270915
174730.000,38.888835,-77.028278,-15.2,0.234848,08,1,0.13,19.21,270915
174735.000,38.888838,-77.028278,-15.6,0.370650,08,1,0.14,14.41,270915
174740.000,38.888842,-77.028277,-15.9,0.397730,08,1,0.23,44.15,270915
174745.000,38.888845,-77.028272,-16.6,0.569785,08,1,0.19,47.18,270915
174750.000,38.888848,-77.028268,-17.1,0.469696,08,1,0.20,62.18,270915
174755.000,38.888850,-77.028262,-17.6,0.606033,08,1,0.15,75.86,270915
174800.000,38.888850,-77.028258,-18.0,0.288501,08,1,0.17,75.41,270915
174805.000,38.888852,-77.028253,-18.4,0.470764,08,1,0.24,83.84,270915
174810.000,38.888852,-77.028247,-18.8,0.577002,08,1,0.14,68.28,270915
174815.000,38.888853,-77.028243,-19.2,0.342897,08,1,0.08,345.49,270915
174820.000,38.888855,-77.028243,-19.5,0.185325,08,1,0.10,346.38,270915
174825.000,38.888857,-77.028245,-20.0,0.234848,08,1,0.11,358.84,270915
174830.000,38.888860,-77.028245,-20.8,0.370650,08,1,0.10,265.80,270915
174835.000,38.888860,-77.028247,-22.0,0.144250,08,1,0.20,357.52,270915
174840.000,38.888863,-77.028248,-22.9,0.397730,08,1,0.03,89.91,270915
174845.000,38.888863,-77.028247,-24.3,0.144250,08,1,0.21,50.35,270915
174850.000,38.888867,-77.028242,-25.3,0.569785,08,1,0.29,13.99,270915
174855.000,38.888873,-77.028240,-26.2,0.755204,08,1,0.08,86.94,270915
174900.000,38.888873,-77.028238,-27.3,0.144250,08,1,0.02,219.76,270915
174905.000,38.888875,-77.028240,-28.2,0.234848,08,1,0.91,284.00,270915
174910.000,38.888885,-77.028297,-27.5,5.028984,08,1,0.20,327.71,270915
174915.000,38.888892,-77.028313,-27.0,1.621833,08,1,0.19,332.67,270915
174920.000,38.888900,-77.028320,-27.7,1.091588,08,1,0.16,345.67,270915
174925.000,38.888913,-77.028330,-28.2,1.716739,08,1,0.32,26.31,270915
174930.000,38.888920,-77.028327,-28.6,0.795461,08,1,0.21,39.13,270915
174935.000,38.888923,-77.028323,-28.9,0.469695,07,1,0.22,23.28,270915
174940.000,38.888928,-77.028320,-29.1,0.626371,07,1,0.14,54.32,270915
174945.000,38.888930,-77.028317,-29.3,0.342896,08,1,0.21,255.40,270915
174950.000,38.888928,-77.028323,-29.4,0.606033,08,1,0.33,35.34,270915
174955.000,38.888935,-77.028318,-29.6,0.858370,08,1,0.11,235.23,270915
175000.000,38.888933,-77.028322,-29.8,0.342896,08,1,0.04,296.76,270915
175005.000,38.888933,-77.028322,-29.9,0.000000,08,1,0.15,98.25,270915
175010.000,38.888932,-77.028318,-30.0,0.342896,08,1,0.12,70.28,270915
175015.000,38.888933,-77.028315,-30.2,0.342896,08,1,0.12,343.30,270915
175020.000,38.888935,-77.028315,-30.4,0.185325,08,1,0.16,54.46,270915
175025.000,38.888937,-77.028312,-30.6,0.342896,08,1,0.19,18.10,270915
175030.000,38.888942,-77.028310,-30.8,0.574383,08,1,0.10,28.32,270915
175035.000,38.888943,-77.028308,-31.0,0.234848,08,1,0.10,39.85,270915
175040.000,38.888943,-77.028307,-31.2,0.144250,08,1,0.08,339.77,270915
175045.000,38.888945,-77.028308,-31.5,0.234848,08,1,0.22,2.11,270915
175050.000,38.888950,-77.028308,-31.8,0.555975,08,1,0.11,321.56,270915
175055.000,38.888953,-77.028312,-32.3,0.469695,08,1,0.13,337.34,270915
175100.000,38.888955,-77.028313,-32.7,0.234848,08,1,0.19,348.64,270915
175105.000,38.888960,-77.028313,-33.0,0.555975,08,1,0.17,9.35,270915
175110.000,38.888963,-77.028313,-33.6,0.370650,08,1,0.23,29.06,270915
175115.000,38.888967,-77.028308,-34.5,0.569785,08,1,0.15,27.75,270915
175120.000,38.888970,-77.028307,-35.2,0.397730,08,1,0.18,354.41,270915
175125.000,38.888973,-77.028308,-35.7,0.397730,08,1,0.09,353.57,270915
175130.000,38.888975,-77.028308,-36.6,0.185325,08,1,0.10,333.75,270915
175135.000,38.888977,-77.028310,-37.7,0.234848,08,1,0.07,211.81,270915
175140.000,38.888975,-77.028310,-38.3,0.185325,08,1,0.09,63.14,270915
175145.000,38.888975,-77.028308,-38.9,0.144250,08,1,0.12,56.16,270915
175150.000,38.888977,-77.028305,-39.3,0.342896,08,1,0.18,44.89,270915
175155.000,38.888980,-77.028302,-39.6,0.469695,08,1,0.17,27.28,270915
175200.000,38.888983,-77.028298,-40.0,0.469695,08,1,0.12,9.83,270915
175205.000,38.888985,-77.028298,-40.3,0.185325,08,1,0.07,334.40,270915
175210.000,38.888987,-77.028300,-40.8,0.234848,08,1,0.12,301.41,270915
175215.000,38.888988,-77.028302,-41.2,0.234848,08,1,0.15,15.68,270915
175220.000,38.888992,-77.028302,-41.5,0.370650,08,1,0.14,20.36,270915
175225.000,38.888995,-77.028300,-41.9,0.397730,08,1,0.09,33.55,270915
175230.000,38.888995,-77.028298,-42.4,0.144250,08,1,0.11,62.71,270915
175235.000,38.888997,-77.028297,-42.8,0.234848,08,1,0.19,50.48,270915
175240.000,38.888998,-77.028292,-43.2,0.470764,08,1,0.10,61.01,270915
175245.000,38.889000,-77.028288,-43.6,0.342896,08,1,0.18,29.85,270915
175250.000,38.889003,-77.028287,-44.0,0.397730,08,1,0.14,350.84,270915
175255.000,38.889007,-77.028288,-44.2,0.397730,08,1,0.10,295.30,270915
175300.000,38.889008,-77.028290,-44.6,0.234848,08,1,0.05,256.38,270915
175305.000,38.889007,-77.028292,-44.8,0.234848,08,1,0.13,61.10,270915
175310.000,38.889008,-77.028288,-45.1,0.342896,08,1,0.11,59.10,270915
175315.000,38.889010,-77.028285,-45.5,0.342896,08,1,0.16,21.73,270915
175320.000,38.889013,-77.028285,-45.9,0.370650,08,1,0.08,13.72,270915
175325.000,38.889013,-77.028283,-46.3,0.144250,08,1,0.06,3.57,270915
175330.000,38.889015,-77.028283,-46.9,0.185325,08,1,0.09,335.65,270915
175335.000,38.889017,-77.028285,-47.9,0.234848,08,1,0.05,333.89,270915
175340.000,38.889017,-77.028287,-48.7,0.144250,08,1,0.02,326.79,270915
175345.000,38.889018,-77.028287,-49.3,0.185325,08,1,0.10,53.23,270915
175350.000,38.889018,-77.028283,-49.8,0.288500,08,1,0.13,38.58,270915
175355.000,38.889022,-77.028282,-50.3,0.397730,08,1,0.09,351.70,270915
175400.000,38.889023,-77.028283,-50.7,0.234848,08,1,0.09,20.44,270915
175405.000,38.889025,-77.028282,-51.3,0.234848,08,1,0.21,53.19,270915
175410.000,38.889027,-77.028277,-51.8,0.470763,08,1,1.07,89.89,270915
175415.000,38.888982,-77.028160,-42.7,11.269314,08,1,5.45,87.35,270915
175420.000,38.888963,-77.027952,-40.0,18.146149,08,1,6.85,86.32,270915
175425.000,38.888968,-77.027747,-40.1,17.751486,08,1,6.13,87.38,270915
175430.000,38.888982,-77.027572,-39.1,15.218661,08,1,5.48,80.26,270915
175435.000,38.889008,-77.027408,-34.0,14.444151,07,1,5.86,63.83,270915
175440.000,38.889073,-77.027262,-31.4,14.607430,08,1,5.72,54.44,270915
175445.000,38.889090,-77.027103,-27.5,13.828495,08,1,5.08,94.26,270915
175450.000,38.889108,-77.026947,-24.0,13.711882,08,1,4.70,63.88,270915
175455.000,38.889135,-77.026782,-20.2,14.585334,08,1,4.42,71.98,270915
175500.000,38.889110,-77.026630,-3.8,13.417863,08,1,4.54,70.89,270915
175505.000,38.889112,-77.026455,4.9,15.147377,08,1,5.09,75.15,270915
175510.000,38.889118,-77.026253,8.2,17.469975,08,1,6.19,88.06,270915
175515.000,38.889115,-77.026048,10.9,17.746611,08,1,6.06,83.08,270915
175520.000,38.889112,-77.025855,12.6,16.737096,08,1,5.70,90.79,270915
175525.000,38.889090,-77.025685,13.5,14.909436,08,1,5.16,101.86,270915
175530.000,38.889068,-77.025528,14.7,13.771869,08,1,4.72,97.63,270915
175535.000,38.889053,-77.025428,15.2,8.814251,08,1,1.75,104.83,270915
175540.000,38.889052,-77.025363,14.8,5.628804,08,1,2.34,95.04,270915
175545.000,38.889002,-77.025222,15.2,13.462884,08,1,6.17,116.11,270915
175550.000,38.888937,-77.025020,14.3,18.891559,08,1,6.20,107.17,270915
175555.000,38.888915,-77.024837,14.6,16.049392,08,1,6.02,95.63,270915
175600.000,38.888885,-77.024652,14.9,16.355589,08,1,5.66,104.63,270915
175605.000,38.888850,-77.024470,15.3,16.197788,08,1,5.91,101.16,270915
175610.000,38.888830,-77.024287,15.5,16.022639,08,1,5.89,96.22,270915
175615.000,38.888812,-77.024107,16.3,15.711867,08,1,5.13,101.33,270915
175620.000,38.888783,-77.023927,17.4,15.894431,08,1,5.82,100.43,270915
175625.000,38.888765,-77.023737,17.5,16.570446,08,1,5.71,95.18,270915
175630.000,38.888760,-77.023562,17.9,15.156518,08,1,5.35,89.08,270915
175635.000,38.888757,-77.023393,17.3,14.574029,08,1,5.37,92.09,270915
175640.000,38.888752,-77.023228,16.5,14.291633,08,1,5.31,92.01,270915
175645.000,38.888752,-77.023065,15.4,14.136565,08,1,4.99,89.34,270915
175650.000,38.888755,-77.022883,14.4,15.727690,08,1,6.31,84.01,270915
175655.000,38.888762,-77.022692,13.9,16.605379,08,1,6.02,88.16,270915
175700.000,38.888773,-77.022503,14.2,16.351862,08,1,5.62,92.70,270915
175705.000,38.888773,-77.022332,15.4,14.857814,08,1,5.13,91.47,270915
175710.000,38.888775,-77.022150,16.1,15.724409,08,1,6.01,87.98,270915
175715.000,38.888785,-77.021957,17.0,16.769975,08,1,6.04,86.09,270915
175720.000,38.888818,-77.021775,17.3,16.154276,08,1,5.80,70.30,270915
175725.000,38.888855,-77.021592,16.4,16.382991,08,1,6.03,79.45,270915
175730.000,38.888875,-77.021398,15.3,16.880186,08,1,6.29,85.13,270915
175735.000,38.888882,-77.021198,14.8,17.325914,08,1,6.32,89.25,270915
175740.000,38.888870,-77.021002,14.0,17.070912,08,1,6.17,97.83,270915
175745.000,38.888865,-77.020823,13.2,15.444806,08,1,5.49,86.80,270915
175750.000,38.888858,-77.020645,11.8,15.452588,08,1,5.45,88.21,270915
175755.000,38.888865,-77.020467,11.2,15.452588,08,1,5.54,90.10,270915
175800.000,38.888863,-77.020288,11.7,15.435909,08,1,5.70,88.69,270915
175805.000,38.888878,-77.020112,13.1,15.381246,08,1,5.35,84.71,270915
175810.000,38.888932,-77.019985,16.9,12.464251,08,1,4.92,38.90,270915
175815.000,38.889057,-77.019910,17.9,15.340430,08,1,5.95,16.19,270915
175820.000,38.889202,-77.019890,19.4,16.215918,08,1,6.15,358.60,270915
175825.000,38.889363,-77.019900,17.0,17.997336,08,1,6.22,353.04,270915
175830.000,38.889515,-77.019912,14.8,16.894765,08,1,5.93,354.95,270915
175835.000,38.889655,-77.019935,12.0,15.697733,08,1,5.92,349.69,270915
175840.000,38.889798,-77.019940,9.0,15.943813,07,1,6.04,3.99,270915
175845.000,38.889913,-77.019998,7.0,13.747994,08,1,5.56,321.94,270915
175850.000,38.889957,-77.020155,5.3,14.390032,08,1,6.03,273.09,270915
175855.000,38.889955,-77.020343,3.7,16.301102,08,1,6.09,269.77,270915
175900.000,38.889955,-77.020532,2.2,16.300049,08,1,6.20,272.35,270915
175905.000,38.889965,-77.020723,0.2,16.625770,07,1,6.27,274.12,270915
175910.000,38.889965,-77.020910,-0.3,16.155798,08,1,6.18,268.21,270915
175915.000,38.889967,-77.021095,-1.5,16.012622,08,1,6.00,270.66,270915
175920.000,38.889967,-77.021270,-1.1,15.146060,08,1,5.91,270.06,270915
175925.000,38.889972,-77.021445,-2.9,15.156261,08,1,6.02,270.55,270915
175930.000,38.889972,-77.021622,-2.9,15.290307,08,1,5.72,269.97,270915
175935.000,38.890015,-77.021735,0.5,10.928469,07,1,4.56,317.54,270915
175940.000,38.890150,-77.021767,4.0,15.259459,08,1,5.69,356.56,270915
175945.000,38.890293,-77.021772,5.4,15.943813,07,1,5.79,353.70,270915
175950.000,38.890402,-77.021797,7.0,12.238896,08,1,4.06,338.81,270915
175955.000,38.890432,-77.021825,8.1,4.140191,08,1,1.04,280.18,270915
180000.000,38.890430,-77.021845,7.5,1.740860,08,1,0.78,222.39,270915
180005.000,38.890413,-77.021847,6.4,1.858854,08,1,0.24,174.89,270915
180010.000,38.890405,-77.021835,6.1,1.370471,08,1,0.05,129.10,270915
180015.000,38.890405,-77.021833,5.9,0.144247,08,1,0.10,23.06,270915
180020.000,38.890407,-77.021833,5.7,0.185325,08,1,2.17,266.81,270915
180025.000,38.890418,-77.021995,4.0,14.051997,08,1,6.92,273.00,270915
180030.000,38.890448,-77.022230,0.2,20.610608,07,1,7.03,268.80,270915
180035.000,38.890442,-77.022437,-0.3,17.902010,08,1,6.41,267.97,270915
180040.000,38.890430,-77.022647,-0.1,18.221391,08,1,6.14,266.40,270915
180045.000,38.890415,-77.022847,0.5,17.389845,08,1,6.28,268.71,270915
180050.000,38.890408,-77.023040,1.7,16.749098,08,1,6.17,270.83,270915
180055.000,38.890400,-77.023227,3.3,16.182250,08,1,6.03,267.44,270915
180100.000,38.890400,-77.023415,3.8,16.299946,08,1,6.31,270.58,270915
180105.000,38.890400,-77.023607,4.7,16.588441,08,1,6.53,270.62,270915
180110.000,38.890405,-77.023810,4.7,17.606952,08,1,6.64,270.54,270915
180115.000,38.890418,-77.024015,1.8,17.804254,07,1,6.65,273.33,270915
180120.000,38.890443,-77.024213,-1.4,17.389061,08,1,6.42,272.19,270915
180125.000,38.890440,-77.024395,-1.4,15.727316,08,1,6.02,263.33,270915
180130.000,38.890413,-77.024582,-0.8,16.425554,08,1,6.26,259.68,270915
180135.000,38.890388,-77.024770,0.3,16.535294,08,1,6.15,266.08,270915
180140.000,38.890385,-77.024962,-0.2,16.592585,08,1,6.33,268.59,270915
180145.000,38.890397,-77.025150,-3.8,16.351491,07,1,6.11,269.15,270915
180150.000,38.890397,-77.025347,-3.8,17.021184,08,1,6.48,270.96,270915
180155.000,38.890397,-77.025543,-5.5,17.021184,07,1,6.39,269.52,270915
180200.000,38.890395,-77.025732,-6.4,16.301001,08,1,6.20,270.50,270915
180205.000,38.890402,-77.025917,-6.3,16.028603,08,1,6.11,272.27,270915
180210.000,38.890387,-77.026095,-4.9,15.524324,08,1,5.93,265.40,270915
180215.000,38.890372,-77.026277,-2.7,15.811183,08,1,6.24,270.58,270915
180220.000,38.890372,-77.026463,-2.0,16.155706,08,1,6.45,271.48,270915
180225.000,38.890368,-77.026650,-1.9,16.159957,08,1,6.13,268.98,270915
180230.000,38.890360,-77.026835,-1.0,16.038251,08,1,5.93,268.88,270915
180235.000,38.890358,-77.027018,-0.6,15.868296,08,1,5.97,271.83,270915
180240.000,38.890363,-77.027195,-1.0,15.300328,07,1,5.74,269.97,270915
180245.000,38.890347,-77.027378,1.0,15.975075,08,1,6.13,267.12,270915
180250.000,38.890338,-77.027543,3.3,14.310527,08,1,5.42,265.56,270915
180255.000,38.890325,-77.027702,4.6,13.783477,08,1,5.24,263.03,270915
180300.000,38.890315,-77.027857,7.8,13.461020,08,1,5.19,266.61,270915
180305.000,38.890345,-77.028038,2.0,16.072951,07,1,5.71,271.21,270915
180310.000,38.890353,-77.028223,-0.6,16.038254,08,1,5.77,266.73,270915
180315.000,38.890353,-77.028407,-2.7,15.867215,07,1,5.91,267.86,270915
180320.000,38.890358,-77.028585,-4.2,15.444482,08,1,5.85,270.40,270915
180325.000,38.890360,-77.028760,-5.1,15.147110,08,1,5.60,271.40,270915
180330.000,38.890357,-77.028923,-5.2,14.141103,08,1,5.57,265.69,270915
180335.000,38.890343,-77.029085,-4.0,14.070328,08,1,5.45,267.58,270915
180340.000,38.890333,-77.029253,-3.8,14.611363,08,1,5.34,265.24,270915
180345.000,38.890330,-77.029417,-3.3,14.141109,08,1,5.53,271.93,270915
180350.000,38.890328,-77.029587,-3.5,14.714408,08,1,5.68,268.52,270915
180355.000,38.890340,-77.029770,-3.9,15.920162,08,1,5.77,270.09,270915
180400.000,38.890333,-77.029947,-5.2,15.308188,08,1,5.60,265.49,270915
180405.000,38.890322,-77.030118,-5.7,14.914016,08,1,5.69,268.12,270915
180410.000,38.890325,-77.030292,-6.6,15.006315,08,1,5.76,269.02,270915
180415.000,38.890328,-77.030448,-5.5,13.564326,08,1,5.65,271.77,270915
180420.000,38.890317,-77.030610,-4.2,14.052015,08,1,5.32,264.59,270915
180425.000,38.890313,-77.030788,-4.8,15.438931,08,1,5.66,267.54,270915
180430.000,38.890312,-77.030958,-4.2,14.714411,08,1,5.28,268.43,270915
180435.000,38.890313,-77.031135,-3.9,15.291357,08,1,5.87,271.42,270915
180440.000,38.890323,-77.031317,-2.9,15.762245,08,1,5.93,277.33,270915
180445.000,38.890320,-77.031490,-2.6,15.006315,08,1,5.55,267.24,270915
180450.000,38.890327,-77.031622,-1.9,11.419636,08,1,3.92,276.18,270915
180455.000,38.890327,-77.031727,-1.4,9.087590,08,1,3.53,271.35,270915
180500.000,38.890325,-77.031790,-3.3,5.484536,08,1,1.23,262.42,270915
180505.000,38.890322,-77.031823,-3.3,2.908662,08,1,1.44,251.97,270915
180510.000,38.890313,-77.031878,-2.2,4.849518,08,1,4.33,275.43,270915
180515.000,38.890295,-77.032032,-2.0,13.426434,08,1,5.08,251.07,270915
180520.000,38.890248,-77.032215,-0.9,16.694185,08,1,6.81,250.01,270915
180525.000,38.890205,-77.032395,-2.2,16.306895,08,1,5.54,246.26,270915
180530.000,38.890157,-77.032563,-2.3,15.528711,08,1,5.87,249.29,270915
180535.000,38.890115,-77.032732,-3.4,15.287987,08,1,5.77,249.08,270915
180540.000,38.890077,-77.032873,-4.8,12.980855,08,1,4.78,251.99,270915
180545.000,38.890050,-77.032963,-6.6,8.334688,08,1,1.88,244.60,270915
180550.000,38.890023,-77.033028,-7.2,6.359293,08,1,4.82,250.16,270915
180555.000,38.889983,-77.033190,-8.6,14.681991,08,1,5.56,252.26,270915
180600.000,38.889942,-77.033360,-9.2,15.425547,07,1,5.61,249.41,270915
180605.000,38.889933,-77.033528,-9.1,14.598511,08,1,5.61,274.81,270915
180610.000,38.889968,-77.033688,-9.3,14.384320,08,1,5.98,291.18,270915
180615.000,38.890028,-77.033848,-6.4,15.371196,08,1,5.66,295.71,270915
180620.000,38.890092,-77.034000,-1.7,14.896356,08,1,5.72,297.73,270915
180625.000,38.890133,-77.034160,1.9,14.602306,08,1,5.42,282.22,270915
180630.000,38.890167,-77.034323,4.2,14.614127,08,1,5.69,281.69,270915
180635.000,38.890185,-77.034490,4.8,14.568115,08,1,5.76,267.34,270915
180640.000,38.890190,-77.034665,3.0,15.156214,08,1,5.34,267.33,270915
180645.000,38.890175,-77.034820,2.3,13.518332,07,1,5.09,257.25,270915
180650.000,38.890135,-77.034965,1.8,13.314441,07,1,5.28,245.44,270915
180655.000,38.890085,-77.035117,1.4,14.255432,08,1,5.41,248.66,270915
180700.000,38.890037,-77.035253,1.6,12.992072,08,1,4.46,251.04,270915
180705.000,38.890065,-77.035387,2.2,11.962180,08,1,5.33,302.81,270915
180710.000,38.890132,-77.035532,1.6,14.575465,08,1,5.57,296.04,270915
180715.000,38.890177,-77.035707,-0.2,15.951165,08,1,5.91,286.66,270915
180720.000,38.890203,-77.035883,-2.7,15.575123,08,1,5.80,278.33,270915
180725.000,38.890202,-77.036060,-4.1,15.291381,08,1,6.14,268.11,270915
180730.000,38.890178,-77.036247,-5.4,16.362758,08,1,6.25,259.66,270915
180735.000,38.890132,-77.036417,-6.7,15.601514,08,1,6.02,249.17,270915
180740.000,38.890070,-77.036585,-8.6,16.102039,08,1,6.23,242.38,270915
180745.000,38.890015,-77.036745,-9.7,15.138162,08,1,5.80,251.58,270915
180750.000,38.889973,-77.036907,-10.8,14.739193,08,1,5.66,255.18,270915
180755.000,38.889953,-77.037070,-11.1,14.310184,08,1,5.52,266.90,270915
180800.001,38.889955,-77.037243,-11.5,15.002959,08,1,5.91,269.42,270915
180805.000,38.889957,-77.037425,-11.8,15.724148,08,1,6.23,270.03,270915
180810.000,38.889952,-77.037612,-12.4,16.165364,08,1,6.16,265.97,270915
180815.000,38.889950,-77.037798,-13.0,16.156864,08,1,6.22,270.28,270915
180820.000,38.889955,-77.037978,-12.9,15.588726,08,1,6.08,272.78,270915
180825.000,38.889958,-77.038158,-13.6,15.583216,08,1,5.95,269.42,270915
180830.000,38.889957,-77.038335,-14.0,15.291434,08,1,5.96,270.05,270915
180835.000,38.889953,-77.038508,-14.1,15.006393,08,1,5.95,269.90,270915
180840.000,38.889948,-77.038692,-14.5,15.877042,08,1,6.18,269.27,270915
180845.000,38.889952,-77.038877,-15.1,16.015843,08,1,6.19,270.33,270915
180850.000,38.889952,-77.039057,-15.1,15.578808,08,1,6.07,269.49,270915
180855.000,38.889948,-77.039218,-15.2,13.996986,08,1,5.10,269.03,270915
180900.000,38.889943,-77.039348,-15.7,11.265090,08,1,4.24,269.21,270915
180905.000,38.889943,-77.039437,-15.9,7.645157,08,1,2.48,275.67,270915
180910.000,38.889940,-77.039455,-14.6,1.629446,08,1,0.61,295.69,270915
180915.000,38.889955,-77.039458,-14.5,1.692690,08,1,0.16,13.58,270915
180920.000,38.889960,-77.039468,-14.7,1.028679,07,1,2.46,283.95,270915
180925.000,38.889953,-77.039607,-16.0,11.995529,08,1,6.75,261.21,270915
180930.000,38.889947,-77.039817,-18.0,18.190388,08,1,6.19,267.75,270915
180935.000,38.889957,-77.040010,-19.7,16.769700,08,1,6.38,271.64,270915
180940.000,38.889990,-77.040195,-18.9,16.434956,08,1,5.69,293.08,270915
180945.000,38.890058,-77.040347,-17.8,15.167117,08,1,5.70,295.75,270915
180950.000,38.890108,-77.040510,-17.7,15.190318,08,1,6.10,281.85,270915
180955.000,38.890117,-77.040678,-18.3,14.598476,08,1,5.24,265.17,270915
181000.000,38.890085,-77.040793,-16.6,10.557603,08,1,3.92,246.31,270915
181005.000,38.890003,-77.040917,-13.6,14.014455,08,1,5.45,226.66,270915
181010.000,38.889937,-77.041072,-13.3,15.326999,08,1,5.37,254.07,270915
181015.000,38.889910,-77.041263,-9.5,16.851483,08,1,5.66,264.80,270915
181020.000,38.889900,-77.041455,-7.1,16.625782,08,1,5.82,268.55,270915
181025.000,38.889890,-77.041627,-7.0,14.899130,08,1,5.06,266.37,270915
181030.000,38.889888,-77.041777,-6.7,12.983674,08,1,4.44,268.34,270915
181035.000,38.889880,-77.041928,-5.4,13.159266,08,1,4.76,261.11,270915
181040.000,38.889855,-77.042075,-2.5,12.994681,08,1,4.60,250.85,270915
181045.000,38.889837,-77.042220,-1.8,12.714110,08,1,4.89,270.06,270915
181050.000,38.889832,-77.042378,0.4,13.714878,08,1,5.08,270.20,270915
181055.000,38.889828,-77.042550,0.5,14.862215,08,1,5.16,266.01,270915
181100.000,38.889823,-77.042733,-1.1,15.877070,08,1,5.25,268.03,270915
181105.000,38.889822,-77.042895,1.7,13.993330,08,1,4.79,264.39,270915
181110.000,38.889835,-77.043063,1.8,14.644339,08,1,4.81,270.38,270915
181115.000,38.889842,-77.043245,1.3,15.740547,08,1,5.09,268.21,270915
181120.000,38.889838,-77.043407,1.3,13.997008,08,1,4.97,269.09,270915
181125.000,38.889840,-77.043558,2.3,13.127917,08,1,4.94,268.43,270915
181130.000,38.889842,-77.043713,1.7,13.416386,08,1,4.53,264.69,270915
181135.000,38.889838,-77.043863,-0.1,12.987651,08,1,4.75,264.61,270915
181140.000,38.889828,-77.044028,0.8,14.323823,08,1,4.86,261.47,270915
181145.000,38.889823,-77.044177,4.3,12.850148,08,1,4.58,266.37,270915
181150.000,38.889803,-77.044333,5.9,13.740522,08,1,4.60,258.56,270915
181155.000,38.889790,-77.044515,4.2,15.792836,08,1,5.13,266.84,270915
181200.000,38.889783,-77.044670,6.3,13.435582,08,1,4.98,264.55,270915
181205.000,38.889772,-77.044832,8.9,14.052122,08,1,4.77,256.44,270915
181210.000,38.889755,-77.044988,12.8,13.685431,08,1,4.78,266.00,270915
181215.000,38.889755,-77.045158,15.1,14.713360,08,1,4.94,269.91,270915
181220.000,38.889765,-77.045315,17.1,13.604886,08,1,5.15,271.03,270915
181225.000,38.889772,-77.045487,17.6,14.876087,08,1,4.67,265.53,270915
181230.000,38.889773,-77.045645,19.2,13.704869,08,1,4.96,270.21,270915
181235.000,38.889772,-77.045825,19.5,15.579950,08,1,5.49,266.69,270915
181240.000,38.889755,-77.045998,20.0,15.115892,08,1,5.63,268.16,270915
181245.000,38.889757,-77.046178,19.8,15.579953,08,1,5.45,266.54,270915
181250.000,38.889755,-77.046347,19.2,14.570289,08,1,5.42,270.24,270915
181255.000,38.889755,-77.046515,18.8,14.569111,08,1,5.19,266.88,270915
181300.000,38.889748,-77.046678,17.4,14.155789,08,1,5.18,266.76,270915
181305.000,38.889745,-77.046832,16.4,13.276050,08,1,5.12,267.35,270915
181310.000,38.889745,-77.046987,17.9,13.415124,08,1,4.92,267.94,270915
181315.000,38.889732,-77.047140,20.8,13.353436,08,1,4.62,261.59,270915
181320.000,38.889718,-77.047287,21.5,12.780172,08,1,4.55,263.75,270915
181325.000,38.889710,-77.047440,22.3,13.303192,08,1,4.84,262.22,270915
181330.000,38.889708,-77.047618,24.1,15.435725,08,1,5.32,264.39,270915
181335.000,38.889697,-77.047793,24.3,15.201571,08,1,5.57,266.86,270915
181340.000,38.889697,-77.047972,23.4,15.434615,08,1,5.36,270.90,270915
181345.000,38.889715,-77.048140,21.9,14.711053,08,1,5.13,275.55,270915
181350.000,38.889698,-77.048278,19.2,12.115227,08,1,4.18,239.48,270915
181355.000,38.889615,-77.048318,16.5,9.891841,08,1,4.83,179.33,270915
181400.000,38.889497,-77.048317,12.5,13.158857,08,1,4.81,184.09,270915
181405.000,38.889398,-77.048352,9.0,11.346025,08,1,4.77,207.13,270915
181410.000,38.889287,-77.048370,7.3,12.517742,08,1,5.00,176.39,270915
181415.000,38.889170,-77.048348,5.8,13.107577,08,1,4.93,170.94,270915
181420.000,38.889063,-77.048322,3.1,12.083263,08,1,4.56,170.91,270915
181425.000,38.889022,-77.048252,2.4,7.627010,08,1,3.03,97.98,270915
181430.000,38.889025,-77.048112,2.7,12.122677,08,1,4.80,93.01,270915
181435.000,38.889030,-77.047963,3.7,12.850292,08,1,4.55,83.86,270915
181440.000,38.889037,-77.047810,4.3,13.291696,08,1,4.74,89.78,270915
181445.000,38.889025,-77.047650,5.0,13.908640,08,1,5.19,93.30,270915
181450.000,38.889025,-77.047482,4.9,14.569261,08,1,5.32,87.49,270915
181455.000,38.889025,-77.047313,4.5,14.569261,08,1,5.34,89.04,270915
181500.000,38.889025,-77.047142,4.1,14.857761,08,1,5.56,86.80,270915
181505.000,38.889042,-77.046977,3.5,14.400507,08,1,5.17,79.36,270915
181510.000,38.889055,-77.046818,3.0,13.783723,08,1,5.05,86.18,270915
181515.000,38.889053,-77.046653,3.5,14.281957,08,1,5.28,89.36,270915
181520.000,38.889053,-77.046490,2.7,14.136505,08,1,5.09,89.47,270915
181525.000,38.889060,-77.046333,1.5,13.579752,08,1,5.01,88.28,270915
181530.000,38.889058,-77.046180,2.1,13.272297,08,1,4.91,88.73,270915
181535.000,38.889060,-77.046032,2.2,12.839591,08,1,4.65,82.95,270915
181540.000,38.889070,-77.045887,3.3,12.598917,08,1,4.45,84.73,270915
181545.000,38.889075,-77.045742,4.4,12.562060,08,1,4.65,82.66,270915
181550.000,38.889073,-77.045578,4.2,14.137715,08,1,5.12,92.45,270915
181555.000,38.889065,-77.045417,4.3,14.022900,08,1,4.96,89.67,270915
181600.000,38.889063,-77.045265,4.6,13.128061,08,1,4.93,89.23,270915
181605.000,38.889070,-77.045113,4.4,13.147667,08,1,4.70,86.09,270915
181610.000,38.889072,-77.044962,5.0,13.128059,08,1,4.89,86.31,270915
181615.000,38.889072,-77.044808,4.3,13.271001,08,1,4.91,87.58,270915
181620.000,38.889072,-77.044652,4.9,13.559501,08,1,5.10,87.16,270915
181625.000,38.889072,-77.044490,5.1,13.992251,08,1,5.23,90.20,270915
181630.000,38.889087,-77.044340,5.0,13.089204,08,1,4.79,78.81,270915
181635.000,38.889092,-77.044187,5.2,13.282639,08,1,4.76,87.56,270915
181640.000,38.889090,-77.044037,5.8,12.983820,08,1,4.75,88.07,270915
181645.000,38.889095,-77.043887,4.6,12.994397,08,1,4.79,87.93,270915
181650.000,38.889098,-77.043737,3.9,12.987786,08,1,4.91,88.26,270915
181655.000,38.889098,-77.043582,3.6,13.415246,08,1,4.67,89.76,270915
181700.000,38.889100,-77.043437,3.3,12.551114,08,1,4.68,89.34,270915
181705.000,38.889102,-77.043292,3.2,12.551114,08,1,4.60,88.89,270915
181710.000,38.889103,-77.043153,3.8,11.974180,08,1,4.28,84.95,270915
181715.000,38.889110,-77.043018,5.5,11.707737,08,1,4.28,86.92,270915
181720.000,38.889103,-77.042872,6.4,12.715621,08,1,4.58,90.49,270915
181725.000,38.889095,-77.042715,6.9,13.591121,08,1,5.03,92.62,270915
181730.000,38.889083,-77.042555,7.2,13.908629,08,1,4.90,90.48,270915
181735.000,38.889082,-77.042397,6.9,13.705002,08,1,4.80,88.63,270915
181740.000,38.889053,-77.042242,6.2,13.780231,08,1,4.98,109.09,270915
181745.000,38.889013,-77.042095,5.5,13.450678,08,1,4.83,103.21,270915
181750.000,38.888998,-77.041948,5.9,12.803122,08,1,4.63,91.91,270915
181755.000,38.889000,-77.041812,7.1,11.829965,08,1,4.23,91.27,270915
181800.000,38.888965,-77.041693,4.7,10.956277,08,1,3.54,138.73,270915
181805.000,38.888908,-77.041613,3.2,9.361899,08,1,3.27,117.61,270915
181810.000,38.888903,-77.041507,5.1,9.248748,08,1,3.77,78.67,270915
181815.000,38.888918,-77.041387,8.3,10.519100,08,1,3.74,78.41,270915
181820.000,38.888923,-77.041247,10.3,12.129775,08,1,4.40,84.07,270915
181825.000,38.888902,-77.041098,12.0,13.062380,08,1,4.30,102.61,270915
181830.000,38.888853,-77.040965,13.2,12.730151,08,1,4.33,120.61,270915
181835.000,38.888800,-77.040827,13.3,13.361039,08,1,3.42,116.18,270915
181840.000,38.888767,-77.040707,15.2,11.027602,08,1,3.90,96.96,270915
181845.000,38.888750,-77.040567,18.8,12.257958,08,1,3.78,79.82,270915
181850.000,38.888778,-77.040435,20.7,11.823285,08,1,4.86,69.33,270915
181855.000,38.888823,-77.040305,23.0,12.314015,08,1,4.35,50.77,270915
181900.000,38.888880,-77.040193,24.9,11.537381,08,1,3.59,46.24,270915
181905.000,38.888935,-77.040078,28.5,11.682025,08,1,4.59,48.58,270915
181910.000,38.888960,-77.039948,30.0,11.589841,08,1,3.94,76.07,270915
181915.000,38.888958,-77.039798,30.5,12.983844,08,1,3.56,89.77,270915
181920.000,38.888932,-77.039717,30.8,7.665034,08,1,1.60,121.34,270915
181925.000,38.888912,-77.039685,31.3,3.529514,08,1,0.37,318.04,270915
181930.000,38.888917,-77.039688,31.4,0.626371,08,1,0.47,276.28,270915
181935.000,38.888915,-77.039688,30.5,0.185325,08,1,0.15,176.45,270915
181940.000,38.888912,-77.039688,30.3,0.370650,08,1,0.22,249.20,270915
181945.000,38.888910,-77.039695,30.0,0.606033,08,1,0.23,276.39,270915
181950.000,38.888910,-77.039702,29.6,0.577001,08,1,0.09,54.28,270915
181955.000,38.888912,-77.039698,29.3,0.342896,08,1,2.75,77.93,270915
182000.000,38.888935,-77.039558,28.7,12.391691,08,1,4.62,64.65,270915
182005.000,38.888952,-77.039375,28.4,15.975388,08,1,5.17,88.66,270915
182010.000,38.888942,-77.039188,28.8,16.194250,08,1,5.34,88.37,270915
182015.000,38.888937,-77.039003,28.6,16.021431,08,1,5.22,86.53,270915
182020.000,38.888935,-77.038830,27.8,15.003174,08,1,5.21,88.59,270915
182025.000,38.888935,-77.038658,26.2,14.857780,08,1,5.02,89.11,270915
182030.000,38.888940,-77.038503,25.5,13.426792,08,1,4.54,81.55,270915
182035.000,38.888947,-77.038343,24.3,13.867853,08,1,5.03,85.76,270915
182040.000,38.888957,-77.038182,23.1,14.036388,08,1,4.84,82.49,270915
182045.000,38.888957,-77.038025,21.7,13.559523,08,1,4.95,90.37,270915
182050.000,38.888947,-77.037852,19.1,15.043179,08,1,4.95,94.54,270915
182055.000,38.888947,-77.037695,17.7,13.559525,08,1,4.81,84.77,270915
182100.000,38.888950,-77.037537,16.0,13.708786,08,1,4.70,90.52,270915
182105.000,38.888958,-77.037395,14.9,12.296235,08,1,4.57,81.38,270915
182110.000,38.888958,-77.037247,14.5,12.838271,08,1,4.86,92.89,270915
182115.000,38.888952,-77.037083,12.8,14.155947,08,1,4.88,89.21,270915
182120.000,38.888945,-77.036932,11.8,13.147689,08,1,4.80,96.29,270915
182125.000,38.888938,-77.036783,11.0,12.859658,08,1,4.61,89.29,270915
182130.000,38.888910,-77.036642,6.6,12.659569,08,1,4.35,126.70,270915
182135.000,38.888830,-77.036538,4.3,12.614208,08,1,4.99,137.60,270915
182140.000,38.888748,-77.036418,2.6,13.796121,08,1,4.92,129.20,270915
182145.000,38.888672,-77.036295,1.9,13.660923,08,1,5.05,128.08,270915
182150.000,38.888593,-77.036167,1.8,14.115287,08,1,5.28,127.69,270915
182155.000,38.888533,-77.036030,0.6,13.580389,08,1,5.28,118.17,270915
182200.000,38.888482,-77.035888,0.4,13.540550,08,1,5.10,114.72,270915
182205.000,38.888443,-77.035733,-0.5,14.076247,08,1,5.29,108.95,270915
182210.000,38.888415,-77.035572,-1.1,14.342678,08,1,5.28,102.49,270915
182215.000,38.888395,-77.035407,-1.8,14.453007,08,1,5.20,98.60,270915
182220.000,38.888388,-77.035250,-2.4,13.579879,08,1,5.10,94.03,270915
182225.000,38.888390,-77.035093,-2.6,13.560898,08,1,4.90,88.16,270915
182230.000,38.888410,-77.034947,-3.0,12.887453,08,1,4.82,78.30,270915
182235.000,38.888422,-77.034802,-3.1,12.616738,08,1,4.77,85.86,270915
182240.000,38.888438,-77.034655,-3.5,12.828683,08,1,4.51,78.51,270915
182245.000,38.888477,-77.034530,-2.0,11.628244,08,1,4.45,61.28,270915
182250.000,38.888533,-77.034413,-0.1,11.902282,08,1,4.54,60.64,270915
182255.000,38.888587,-77.034280,1.8,12.974711,08,1,4.87,58.14,270915
182300.000,38.888650,-77.034158,2.0,12.668158,08,1,4.62,54.26,270915
182305.000,38.888710,-77.034030,2.7,12.957002,08,1,4.93,58.26,270915
182310.000,38.888770,-77.033897,4.2,13.329831,08,1,4.98,51.09,270915
182315.000,38.888845,-77.033778,5.2,13.207706,08,1,4.93,47.04,270915
182320.000,38.888933,-77.033687,5.5,12.626191,08,1,4.89,32.83,270915
182325.000,38.889022,-77.033573,4.2,13.881381,08,1,4.70,52.61,270915
182330.000,38.889057,-77.033433,4.3,12.726670,08,1,4.38,79.00,270915
182335.000,38.889043,-77.033288,3.2,12.637027,08,1,4.52,113.12,270915
182340.000,38.888973,-77.033177,3.4,12.409380,08,1,4.58,139.52,270915
182345.000,38.888868,-77.033113,3.2,12.898198,08,1,4.73,160.58,270915
182350.000,38.888775,-77.033010,3.8,13.700134,08,1,5.49,122.95,270915
182355.000,38.888720,-77.032860,3.6,14.350920,08,1,4.88,116.45,270915
182400.000,38.888670,-77.032727,3.5,12.809520,08,1,4.74,113.38,270915
182405.000,38.888625,-77.032583,4.0,13.376697,08,1,4.93,112.45,270915
182410.000,38.888590,-77.032438,3.8,13.139429,08,1,5.25,108.75,270915
182415.000,38.888557,-77.032255,5.0,16.294761,08,2,5.35,99.73,270915
182420.000,38.888545,-77.032098,6.1,13.621516,08,2,5.08,95.81,270915
182425.000,38.888537,-77.031918,8.6,15.606650,08,2,5.43,88.53,270915
182430.000,38.888522,-77.031775,10.2,12.517219,08,2,4.52,104.51,270915
182435.000,38.888508,-77.031637,13.4,12.064291,08,2,4.03,87.97,270915
182440.000,38.888518,-77.031522,16.8,10.015248,08,2,3.25,80.06,270915
182445.000,38.888530,-77.031430,21.5,8.039172,08,2,3.03,74.70,270915
182450.000,38.888533,-77.031315,24.7,9.960225,08,2,4.39,92.45,270915
182455.000,38.888535,-77.031162,28.0,13.272395,08,2,4.39,87.32,270915
182500.000,38.888538,-77.031012,30.7,12.987889,08,2,4.73,87.03,270915
182505.000,38.888543,-77.030840,32.4,14.868261,08,2,4.59,87.92,270915
182510.000,38.888543,-77.030682,33.1,13.703853,08,2,4.45,85.60,270915
182515.000,38.888543,-77.030517,33.6,14.280857,08,2,4.22,91.11,270915
182520.000,38.888537,-77.030365,33.8,13.147764,08,2,4.71,88.48,270915
182525.000,38.888537,-77.030222,33.5,12.405594,08,2,4.56,86.71,270915
182530.000,38.888533,-77.030083,33.6,11.978577,08,2,4.42,91.02,270915
182535.000,38.888522,-77.029930,34.7,13.334357,08,2,4.83,95.36,270915
182540.000,38.888522,-77.029778,34.7,13.126853,08,2,4.08,88.97,270915
182545.000,38.888565,-77.029650,34.6,12.107448,08,2,4.60,41.71,270915
182550.000,38.888650,-77.029567,36.7,11.889197,08,2,4.12,44.74,270915
182555.000,38.888698,-77.029442,37.1,12.080194,08,2,4.69,73.01,270915
182600.000,38.888720,-77.029290,38.6,13.346075,08,2,4.01,81.40,270915
182605.000,38.888732,-77.029155,41.5,11.756103,08,2,3.95,88.41,270915
182610.000,38.888737,-77.029000,43.5,13.426831,08,2,4.28,89.13,270915
182615.000,38.888723,-77.028805,43.3,16.942327,08,2,5.40,97.17,270915
182620.000,38.888710,-77.028630,44.0,15.218716,08,2,4.61,93.61,270915
182625.000,38.888705,-77.028492,44.9,11.985714,08,2,3.27,87.35,270915
182630.000,38.888710,-77.028403,45.9,7.665479,08,2,1.40,59.50,270915
182635.000,38.888713,-77.028360,46.3,3.768790,08,2,0.70,100.77,270915
182640.000,38.888690,-77.028312,45.4,4.922545,08,2,0.85,101.35,270915
182645.000,38.888685,-77.028288,43.8,2.094644,07,2,0.17,346.00,270915
182650.000,38.888678,-77.028283,43.5,0.858370,08,2,0.68,159.43,270915
182655.000,38.888677,-77.028280,44.9,0.342897,08,2,0.14,101.36,270915
182700.000,38.888677,-77.028267,44.4,1.154007,08,2,0.50,79.01,270915
182705.000,38.888675,-77.028265,43.8,0.234848,08,2,0.59,263.34,270915
182710.000,38.888672,-77.028273,42.5,0.810918,08,2,0.35,289.18,270915
182715.000,38.888683,-77.028275,39.9,1.305270,08,2,0.17,320.03,270915
182720.000,38.888697,-77.028263,38.5,1.793797,08,2,0.26,33.42,270915
182725.000,38.888693,-77.028263,38.0,0.370650,08,2,0.57,253.42,270915
182730.000,38.888688,-77.028268,36.7,0.704544,08,2,0.34,65.26,270915
182735.000,38.888698,-77.028275,35.3,1.252742,07,2,0.52,318.77,270915
182740.000,38.888728,-77.028283,34.3,3.412929,08,2,1.07,352.62,270915
182745.000,38.888763,-77.028278,33.1,3.915808,08,2,1.51,12.77,270915
182750.000,38.888790,-77.028248,31.9,3.941354,07,2,1.20,57.27,270915
182755.000,38.888808,-77.028238,30.7,2.214696,08,2,0.66,338.49,270915
182800.000,38.888807,-77.028242,29.1,0.342897,08,2,0.42,200.89,270915
182805.000,38.888780,-77.028230,28.0,3.132412,08,2,1.55,164.37,270915
182810.000,38.888753,-77.028185,27.5,4.895060,08,2,1.88,117.32,270915
182815.000,38.888747,-77.028118,26.1,5.817451,08,2,2.11,91.73,270915
182820.000,38.888748,-77.028052,25.3,5.773002,08,2,2.01,89.60,270915
182825.000,38.888745,-77.027983,24.5,5.925880,08,2,2.18,93.28,270915
182830.000,38.888748,-77.027908,24.0,6.501854,07,2,2.24,89.59,270915
182835.000,38.888750,-77.027843,23.5,5.628828,08,2,2.01,90.38,270915
182840.000,38.888752,-77.027783,22.8,5.196330,08,2,1.98,89.49,270915
182845.000,38.888753,-77.027727,22.4,4.908023,08,2,1.67,83.46,270915
182850.000,38.888767,-77.027670,21.5,5.123713,07,2,1.64,79.99,270915
182855.000,38.888780,-77.027612,21.6,5.261957,07,2,1.82,69.41,270915
182900.000,38.888793,-77.027563,22.4,4.438223,07,2,1.41,72.38,270915
182905.000,38.888803,-77.027510,22.9,4.748058,08,2,1.23,67.48,270915
182910.000,38.888823,-77.027465,23.8,4.484965,08,2,1.32,58.28,270915
182915.000,38.888840,-77.027415,24.9,4.707644,08,2,1.74,52.29,270915
182920.000,38.888863,-77.027350,25.7,6.195236,07,2,1.86,60.33,270915
182925.000,38.888882,-77.027268,25.7,7.356373,08,2,1.93,67.59,270915
182930.000,38.888898,-77.027205,26.5,5.786323,07,2,1.78,71.02,270915
182935.000,38.888915,-77.027140,26.8,5.923153,07,2,1.89,72.25,270915
182940.000,38.888917,-77.027070,27.6,6.061348,08,2,1.81,86.45,270915
182945.000,38.888928,-77.027005,28.2,5.773398,08,2,1.70,75.03,270915
182950.000,38.888948,-77.026962,28.9,4.360279,08,2,1.36,48.74,270915
182955.000,38.888977,-77.026913,29.4,5.236930,08,2,1.53,48.93,270915
183000.000,38.889000,-77.026853,30.8,5.805084,08,2,1.74,51.03,270915
183005.000,38.889023,-77.026792,31.5,5.934473,08,2,2.13,63.57,270915
183010.000,38.889040,-77.026710,32.1,7.307171,08,2,2.10,64.90,270915
183015.000,38.889057,-77.026628,31.9,7.307170,08,2,2.17,66.10,270915
183020.000,38.889063,-77.026548,31.8,6.963571,08,2,1.64,68.31,270915
183025.000,38.889070,-77.026485,32.0,5.531399,08,2,1.94,81.19,270915
183030.000,38.889075,-77.026412,32.3,6.371305,08,2,2.01,83.69,270915
183035.000,38.889077,-77.026347,33.1,5.628802,08,2,1.80,83.37,270915
183040.000,38.889085,-77.026277,33.7,6.128952,08,2,2.03,79.67,270915
183045.000,38.889090,-77.026198,34.0,6.802507,08,2,2.07,79.31,270915
183050.000,38.889098,-77.026113,34.0,7.414875,08,2,2.54,82.69,270915
183055.000,38.889093,-77.026023,34.3,7.809314,07,2,2.14,86.06,270915
183100.000,38.889108,-77.025950,34.6,6.562496,08,2,2.04,61.03,270915
183105.000,38.889118,-77.025880,35.1,6.159693,07,2,2.18,83.13,270915
183110.000,38.889120,-77.025802,35.2,6.782278,08,2,2.00,82.16,270915
183115.000,38.889115,-77.025732,35.5,6.083953,07,2,2.13,95.09,270915
183120.000,38.889098,-77.025648,36.0,7.446787,08,2,2.17,95.85,270915
183125.000,38.889075,-77.025557,35.0,8.347218,08,2,2.50,104.89,270915
183130.000,38.889063,-77.025462,34.6,8.323961,08,2,2.57,98.89,270915
183135.000,38.889053,-77.025363,33.5,8.583084,08,2,2.41,102.87,270915
183140.000,38.889038,-77.025285,33.1,6.981907,08,2,2.24,98.78,270915
183145.000,38.889018,-77.025208,32.3,6.998260,08,2,2.46,107.89,270915
183150.000,38.888993,-77.025123,31.8,7.864450,07,2,2.40,105.98,270915
183155.000,38.888972,-77.025052,31.3,6.654214,08,2,2.36,110.68,270915
183200.000,38.888945,-77.024975,31.2,7.267903,08,2,2.50,115.46,270915
183205.000,38.888932,-77.024917,31.7,5.261946,08,2,2.14,98.68,270915
183210.000,38.888932,-77.024843,31.7,6.347013,07,2,2.25,91.47,270915
183215.000,38.888933,-77.024765,31.3,6.782296,08,2,1.92,89.72,270915
183220.000,38.888925,-77.024690,31.3,6.557068,08,2,2.17,99.59,270915
183225.000,38.888925,-77.024618,31.5,6.202763,07,2,1.99,90.79,270915
183230.000,38.888927,-77.024548,31.9,6.061347,08,2,1.95,84.11,270915
183235.000,38.888930,-77.024485,31.9,5.494029,07,2,1.10,67.89,270915
183240.000,38.888942,-77.024450,31.3,3.295347,08,2,0.12,341.30,270915
183245.000,38.888928,-77.024425,29.4,2.622963,08,2,0.42,202.06,270915
183250.000,38.888910,-77.024405,27.9,2.674352,08,2,0.37,172.27,270915
183255.000,38.888908,-77.024395,27.6,0.885121,08,2,0.24,245.64,270915
183300.000,38.888907,-77.024400,27.7,0.470764,08,2,0.29,21.73,270915
183305.000,38.888913,-77.024397,27.8,0.795461,08,2,0.45,261.36,270915
183310.000,38.888912,-77.024410,27.9,1.168789,08,2,0.07,89.30,270915
183315.000,38.888912,-77.024408,27.9,0.144250,08,2,0.09,348.23,270915
183320.000,38.888915,-77.024408,28.0,0.370650,08,2,0.58,262.00,270915
183325.000,38.888913,-77.024425,27.8,1.454359,08,2,0.20,284.08,270915
183330.000,38.888913,-77.024430,27.7,0.432751,08,2,0.27,252.00,270915
183335.000,38.888912,-77.024438,27.5,0.744681,08,2,0.75,298.46,270915
183340.000,38.888900,-77.024468,27.7,2.902545,08,2,2.63,243.93,270915
183345.000,38.888888,-77.024518,27.0,4.517773,08,2,1.79,256.94,270915
183350.000,38.888890,-77.024567,26.5,4.187364,08,2,1.96,272.80,270915
183355.000,38.888902,-77.024612,26.2,4.105128,08,2,1.86,280.31,270915
183400.000,38.888923,-77.024667,25.3,5.335208,08,2,2.15,286.91,270915
183405.000,38.888937,-77.024732,24.8,5.817843,08,2,2.31,279.76,270915
183410.000,38.888935,-77.024797,24.1,5.628813,08,2,2.12,262.50,270915
183415.000,38.888928,-77.024857,23.5,5.245654,08,2,2.21,254.47,270915
183420.000,38.888933,-77.024923,23.1,5.796736,08,2,2.22,281.64,270915
183425.000,38.888950,-77.024983,22.8,5.513790,08,2,2.13,288.31,270915
183430.000,38.888968,-77.025047,22.6,5.848310,08,2,2.38,283.50,270915
183435.000,38.888985,-77.025122,21.7,6.750628,08,2,2.46,284.70,270915
183440.000,38.889002,-77.025193,21.1,6.473695,08,2,2.42,286.80,270915
183445.000,38.889018,-77.025263,20.5,6.335615,08,2,2.40,284.97,270915
183450.000,38.889027,-77.025323,20.4,5.275028,08,2,2.27,282.99,270915
183455.000,38.889035,-77.025392,20.0,5.986404,08,2,2.38,279.88,270915
183500.000,38.889048,-77.025457,20.0,5.817834,08,2,2.37,281.84,270915
183505.000,38.889057,-77.025523,20.0,5.843933,08,2,2.30,277.98,270915
183510.000,38.889068,-77.025597,19.5,6.478221,08,2,2.43,278.06,270915
183515.000,38.889075,-77.025668,19.1,6.246890,08,2,2.43,274.68,270915
183520.000,38.889080,-77.025738,18.8,6.083957,08,2,2.39,275.22,270915
183525.000,38.889095,-77.025805,17.2,6.006235,08,2,2.20,268.91,270915
183530.000,38.889090,-77.025870,16.9,5.653155,08,2,2.02,262.37,270915
183535.000,38.889087,-77.025940,16.2,6.069826,08,2,2.33,274.25,270915
183540.000,38.889100,-77.026012,15.0,6.377475,08,2,2.49,289.84,270915
183545.000,38.889117,-77.026088,12.9,6.889438,08,2,2.56,272.33,270915
183550.000,38.889105,-77.026153,12.9,5.773383,08,2,2.41,257.28,270915
183555.000,38.889083,-77.026222,13.0,6.386133,08,2,2.48,256.43,270915
183600.000,38.889067,-77.026297,12.6,6.750619,08,2,2.46,256.11,270915
183605.000,38.889065,-77.026388,11.7,7.935915,08,2,2.63,262.15,270915
183610.000,38.889073,-77.026470,11.5,7.128731,08,2,2.51,262.33,270915
183615.000,38.889055,-77.026527,11.4,5.311300,08,2,2.13,248.22,270915
183620.000,38.889048,-77.026597,10.8,6.103685,07,2,2.23,262.57,270915
183625.000,38.889043,-77.026648,9.8,4.506182,08,2,2.00,254.06,270915
183630.000,38.889035,-77.026707,9.5,5.133083,08,2,1.89,254.48,270915
183635.000,38.889025,-77.026773,9.2,5.876170,08,2,2.15,250.25,270915
183640.000,38.888992,-77.026827,8.5,5.919934,08,2,1.77,257.81,270915
183645.000,38.888988,-77.026920,7.6,8.086509,08,2,2.61,257.55,270915
183650.000,38.888990,-77.027015,7.2,8.224348,08,2,2.60,272.22,270915
183655.000,38.888993,-77.027093,6.5,6.789882,08,2,2.58,281.99,270915
183700.000,38.888985,-77.027172,5.4,6.842789,08,2,2.62,254.14,270915
183705.000,38.888955,-77.027238,4.4,6.664899,08,2,2.49,236.13,270915
183710.000,38.888917,-77.027300,3.4,6.830448,08,2,2.41,231.46,270915
183715.000,38.888885,-77.027362,2.7,6.394141,08,2,2.38,240.53,270915
183720.000,38.888850,-77.027402,3.5,5.208819,08,2,2.18,240.29,270915
183725.000,38.888820,-77.027453,3.6,5.578939,08,2,2.35,242.56,270915
183730.000,38.888812,-77.027532,3.0,6.842805,08,2,2.55,253.07,270915
183735.000,38.888798,-77.027617,3.5,7.504684,08,2,2.66,261.98,270915
183740.000,38.888785,-77.027688,3.6,6.377501,08,2,2.48,260.43,270915
183745.000,38.888777,-77.027763,3.6,6.557081,08,2,2.78,265.49,270915
183750.000,38.888775,-77.027848,3.7,7.359115,08,2,2.71,263.26,270915
183755.000,38.888773,-77.027930,3.6,7.070709,08,2,2.49,262.18,270915
183800.000,38.888767,-77.027998,5.3,5.960552,08,2,2.44,256.13,270915
183805.000,38.888768,-77.028077,6.0,6.782312,08,2,2.58,265.01,270915
183810.000,38.888772,-77.028158,6.6,7.077992,08,2,2.64,271.13,270915
183815.000,38.888777,-77.028237,6.9,6.802537,08,2,2.57,270.39,270915
183820.000,38.888777,-77.028315,7.4,6.779779,08,2,2.61,268.22,270915
183825.000,38.888778,-77.028388,7.5,6.349732,08,2,2.55,274.29,270915
183830.000,38.888783,-77.028443,7.6,4.792627,08,2,2.27,276.06,270915
183835.000,38.888798,-77.028508,8.3,5.867818,08,2,2.47,279.80,270915
183840.000,38.888808,-77.028582,7.7,6.443691,08,2,2.36,275.25,270915
183845.000,38.888810,-77.028658,7.5,6.638113,08,2,2.54,272.71,270915
183850.000,38.888812,-77.028737,6.2,6.782308,08,2,2.53,270.88,270915
183855.000,38.888813,-77.028817,5.9,6.926506,08,2,2.59,269.95,270915
183900.000,38.888812,-77.028883,6.1,5.772997,08,2,2.44,269.46,270915
183905.000,38.888810,-77.028967,6.1,7.214908,08,2,2.68,267.33,270915
183910.000,38.888795,-77.029037,6.6,6.283922,08,2,2.71,265.57,270915
183915.000,38.888797,-77.029120,6.1,7.214909,08,2,2.59,270.31,270915
183920.000,38.888792,-77.029183,6.8,5.509645,08,2,2.58,267.45,270915
183925.000,38.888780,-77.029255,7.0,6.336982,08,2,2.60,262.68,270915
183930.000,38.888777,-77.029328,7.7,6.357840,08,2,2.48,264.04,270915
183935.000,38.888788,-77.029410,7.2,7.186341,08,2,2.59,276.62,270915
183940.000,38.888782,-77.029483,7.7,6.390169,08,2,2.67,262.41,270915
183945.000,38.888780,-77.029560,7.6,6.638115,08,2,2.67,267.23,270915
183950.000,38.888778,-77.029642,7.9,7.070709,08,2,2.79,258.89,270915
183955.000,38.888777,-77.029717,7.9,6.493922,08,2,2.62,267.39,270915
184000.000,38.888767,-77.029790,8.3,6.443694,08,2,2.68,261.13,270915
184005.000,38.888762,-77.029862,9.0,6.227644,08,2,2.72,265.26,270915
184010.000,38.888755,-77.029942,9.0,6.963600,08,2,2.72,265.45,270915
184015.000,38.888755,-77.030020,9.2,6.779781,08,2,2.70,268.37,270915
184020.000,38.888755,-77.030097,9.5,6.635530,08,2,2.54,265.91,270915
184025.000,38.888760,-77.030168,9.6,6.227645,08,2,2.60,273.37,270915
184030.000,38.888765,-77.030240,9.6,6.227645,08,2,2.46,266.54,270915
184035.000,38.888770,-77.030312,9.4,6.227644,08,2,2.51,269.01,270915
184040.000,38.888767,-77.030385,9.6,6.357841,08,2,2.45,271.39,270915
184045.000,38.888758,-77.030458,9.4,6.414312,08,2,2.37,258.99,270915
184050.000,38.888757,-77.030530,9.6,6.205546,08,2,2.51,270.40,270915
184055.000,38.888758,-77.030607,9.8,6.638117,08,2,2.49,272.81,270915
184100.000,38.888752,-77.030673,10.4,5.817450,08,2,2.42,266.20,270915
184105.000,38.888743,-77.030743,11.2,6.128980,08,2,2.42,266.97,270915
184110.000,38.888737,-77.030807,12.1,5.531424,08,2,2.45,263.69,270915
184115.000,38.888735,-77.030883,12.1,6.638119,08,2,2.60,266.11,270915
184120.000,38.888740,-77.030960,12.3,6.658783,08,2,2.69,265.20,270915
184125.000,38.888743,-77.031042,12.5,7.077995,08,2,2.58,271.64,270915
184130.000,38.888747,-77.031123,12.3,7.077995,08,2,2.82,262.66,270915
184135.000,38.888747,-77.031203,12.0,6.924032,08,2,2.61,266.37,270915
184140.000,38.888752,-77.031273,12.4,6.083985,08,2,2.30,269.26,270915
184145.000,38.888755,-77.031338,12.5,5.637972,08,2,2.52,273.65,270915
184150.000,38.888762,-77.031417,12.1,6.820187,08,2,2.61,270.78,270915
184155.000,38.888757,-77.031493,11.5,6.658781,08,2,2.65,261.94,270915
184200.000,38.888750,-77.031568,11.0,6.533470,08,2,2.55,267.33,270915
184205.000,38.888753,-77.031643,10.4,6.501853,08,2,2.53,266.95,270915
184210.000,38.888745,-77.031720,9.2,6.699918,08,2,2.37,257.87,270915
184215.000,38.888722,-77.031777,8.5,5.548516,08,2,2.21,232.88,270915
184220.000,38.888690,-77.031830,7.6,5.805716,08,2,2.23,239.55,270915
184225.000,38.888668,-77.031898,7.9,6.386165,08,2,2.95,257.05,270915
184230.000,38.888668,-77.031988,7.7,7.789545,08,2,3.02,274.34,270915
184235.000,38.888677,-77.032077,7.0,7.701243,08,2,2.77,269.98,270915
184240.000,38.888687,-77.032155,7.1,6.870368,08,2,2.74,283.13,270915
184245.000,38.888705,-77.032228,6.9,6.666380,08,2,2.68,288.41,270915
184250.000,38.888725,-77.032297,7.4,6.318579,08,2,2.83,288.08,270915
184255.000,38.888738,-77.032373,7.3,6.799146,08,2,2.70,280.56,270915
184300.000,38.888745,-77.032447,8.1,6.390173,08,2,2.69,276.96,270915
184305.000,38.888760,-77.032520,7.9,6.562526,08,2,2.66,283.15,270915
184310.000,38.888782,-77.032578,9.0,5.594145,08,2,2.68,297.46,270915
184315.000,38.888805,-77.032645,9.1,6.326519,08,2,2.61,294.92,270915
184320.000,38.888828,-77.032710,9.6,6.195238,08,2,2.71,288.99,270915
184325.000,38.888847,-77.032778,9.4,6.255747,08,2,2.61,284.81,270915
184330.000,38.888868,-77.032855,8.6,7.059355,08,2,2.91,288.15,270915
184335.000,38.888888,-77.032938,7.2,7.547594,08,2,3.05,285.21,270915
184340.000,38.888908,-77.033020,6.2,7.409867,08,2,2.85,287.00,270915
184345.000,38.888927,-77.033098,5.6,7.079619,08,2,3.04,286.96,270915
184350.000,38.888953,-77.033167,6.3,6.615957,08,2,2.92,303.41,270915
184355.000,38.888995,-77.033225,6.5,6.852428,08,2,2.72,313.90,270915
184400.000,38.889033,-77.033287,6.5,6.830443,08,2,2.75,295.12,270915
184405.000,38.889050,-77.033365,5.5,7.028484,08,2,2.72,281.28,270915
184410.000,38.889060,-77.033438,4.3,6.443669,08,2,2.69,273.52,270915
184415.000,38.889058,-77.033515,2.4,6.638089,08,2,2.66,263.61,270915
184420.000,38.889043,-77.033593,0.3,6.981906,08,2,2.59,249.49,270915
184425.000,38.889022,-77.033665,-1.8,6.654210,08,2,2.43,245.84,270915
184430.000,38.888992,-77.033727,-4.1,6.293979,08,2,2.46,229.47,270915
184435.000,38.888948,-77.033782,-5.4,6.773292,08,2,2.84,228.87,270915
184440.000,38.888903,-77.033842,-5.9,7.211456,08,2,2.97,238.03,270915
184445.000,38.888872,-77.033927,-6.7,8.156023,08,2,3.06,245.91,270915
184450.000,38.888850,-77.034007,-6.9,7.331195,08,2,2.92,250.73,270915
184455.000,38.888832,-77.034092,-7.0,7.633997,08,2,2.82,255.87,270915
184500.000,38.888813,-77.034165,-6.2,6.666369,08,2,2.72,256.33,270915
184505.000,38.888785,-77.034218,-3.5,5.588687,08,2,2.61,256.54,270915
184510.000,38.888770,-77.034283,-1.6,5.867819,08,2,2.65,256.84,270915
184515.000,38.888762,-77.034357,0.1,6.414312,08,2,2.77,264.31,270915
184520.000,38.888750,-77.034430,1.5,6.478248,08,2,2.77,266.56,270915
184525.000,38.888743,-77.034507,2.6,6.676810,08,2,2.70,267.20,270915
184530.000,38.888742,-77.034580,3.8,6.349735,08,2,2.71,271.81,270915
184535.000,38.888748,-77.034650,4.6,6.103711,08,2,2.52,275.88,270915
184540.000,38.888755,-77.034722,5.4,6.246918,08,2,2.60,277.43,270915
184545.000,38.888767,-77.034792,6.3,6.195859,08,2,2.57,281.62,270915
184550.000,38.888780,-77.034857,7.7,5.817855,08,2,2.53,284.64,270915
184555.000,38.888798,-77.034928,8.6,6.529181,08,2,2.61,289.59,270915
184600.000,38.888817,-77.034992,10.3,5.848321,08,2,2.60,292.65,270915
184605.000,38.888843,-77.035053,11.0,6.105640,08,2,2.63,296.94,270915
184610.000,38.888872,-77.035115,12.1,6.197758,08,2,2.60,301.68,270915
184615.000,38.888910,-77.035168,12.2,6.283012,08,2,2.52,301.49,270915
184620.000,38.888932,-77.035237,12.7,6.386146,07,2,2.49,289.41,270915
184625.000,38.888917,-77.035303,13.0,6.006248,07,2,2.58,242.71,270915
184630.000,38.888882,-77.035370,11.9,6.959838,07,2,2.61,236.38,270915
184635.000,38.888848,-77.035435,11.0,6.737015,07,2,2.71,245.40,270915
184640.000,38.888818,-77.035502,11.4,6.664909,07,2,2.70,249.29,270915
184645.000,38.888795,-77.035573,11.2,6.723547,07,2,2.73,251.65,270915
184650.000,38.888773,-77.035638,12.2,6.119941,07,2,2.70,259.23,270915
184655.000,38.888762,-77.035717,12.6,6.902777,07,2,2.73,260.67,270915
184700.000,38.888752,-77.035792,13.4,6.585829,07,2,2.72,263.45,270915
184705.000,38.888745,-77.035867,13.7,6.533471,07,2,2.68,268.89,270915
184710.000,38.888745,-77.035945,13.5,6.779782,07,2,2.68,269.75,270915
184715.000,38.888747,-77.036020,13.2,6.493925,07,2,2.64,276.27,270915
184720.000,38.888760,-77.036100,11.6,7.080982,07,2,2.77,280.99,270915
184725.000,38.888772,-77.036175,10.4,6.619639,07,2,2.65,281.85,270915
184730.000,38.888783,-77.036242,9.9,5.914060,07,2,2.52,285.36,270915
184735.000,38.888802,-77.036308,9.5,6.119555,07,2,2.63,290.33,270915
184740.000,38.888828,-77.036367,9.7,5.855123,07,2,2.55,298.23,270915
184745.000,38.888850,-77.036430,9.7,5.987604,07,2,2.54,284.22,270915
184750.000,38.888875,-77.036485,10.0,5.512514,06,2,2.60,297.62,270915
184755.000,38.888912,-77.036547,10.1,6.716362,07,2,2.68,298.85,270915
184800.000,38.888922,-77.036628,9.2,7.155195,07,2,3.32,269.42,270915
184805.000,38.888922,-77.036710,8.9,7.068265,06,2,2.94,269.45,270915
184810.000,38.888923,-77.036785,8.8,6.493909,07,2,2.72,270.70,270915
184815.000,38.888918,-77.036850,9.3,5.653168,07,2,2.82,259.39,270915
184820.000,38.888910,-77.036920,9.3,6.128966,07,2,2.73,262.58,270915
184825.000,38.888908,-77.036983,10.1,5.484645,07,2,2.44,269.15,270915
184830.000,38.888915,-77.037050,10.6,5.817438,07,2,2.53,276.88,270915
184835.000,38.888922,-77.037123,10.3,6.390158,07,2,2.55,277.29,270915
184840.000,38.888928,-77.037193,9.7,6.103696,07,2,2.53,271.85,270915
184845.000,38.888932,-77.037265,9.1,6.213827,07,2,2.49,275.55,270915
184850.000,38.888932,-77.037333,9.1,5.914262,07,2,2.45,268.74,270915
184855.000,38.888933,-77.037403,8.3,6.061346,07,2,2.49,271.23,270915
184900.000,38.888932,-77.037467,8.1,5.484643,08,2,2.48,267.91,270915
184905.000,38.888925,-77.037538,8.1,6.246903,08,2,2.54,270.83,270915
184910.000,38.888927,-77.037612,8.1,6.349719,08,2,2.61,272.24,270915
184915.000,38.888925,-77.037680,8.2,5.917165,08,2,2.30,273.06,270915
184920.000,38.888918,-77.037747,8.5,5.817437,08,2,2.23,268.23,270915
184925.000,38.888923,-77.037798,9.0,4.506190,08,2,2.29,278.34,270915
184930.000,38.888920,-77.037873,9.1,6.501838,08,2,2.45,269.26,270915
184935.000,38.888917,-77.037952,9.0,6.789889,08,2,2.70,269.45,270915
184940.000,38.888915,-77.038027,8.9,6.493910,08,2,2.62,273.54,270915
184945.000,38.888915,-77.038105,8.9,6.779765,08,2,2.67,269.74,270915
184950.000,38.888915,-77.038177,9.0,6.202764,08,2,2.63,273.24,270915
184955.000,38.888920,-77.038255,8.5,6.802523,08,2,2.76,272.05,270915
185000.000,38.888915,-77.038333,8.9,6.802523,08,2,2.75,270.47,270915
185005.000,38.888910,-77.038417,9.2,7.233914,07,2,2.84,269.10,270915
185010.000,38.888917,-77.038492,8.3,6.533456,07,2,2.86,273.67,270915
185015.000,38.888915,-77.038578,8.0,7.503306,08,2,2.69,273.46,270915
185020.000,38.888913,-77.038648,7.9,6.061348,08,2,2.61,271.21,270915
185025.000,38.888905,-77.038722,8.4,6.414299,08,2,2.68,271.00,270915
185030.000,38.888908,-77.038795,8.2,6.357829,08,2,2.68,272.59,270915
185035.000,38.888900,-77.038870,9.3,6.557070,08,2,2.66,271.04,270915
185040.000,38.888910,-77.038935,8.6,5.734601,08,2,2.58,273.08,270915
185045.000,38.888903,-77.039012,9.1,6.676795,08,2,2.67,271.42,270915
185050.000,38.888902,-77.039092,9.0,6.926497,08,2,2.72,270.47,270915
185055.000,38.888908,-77.039162,7.5,6.103698,08,2,2.63,269.42,270915
185100.000,38.888900,-77.039255,7.1,8.130992,08,2,3.24,268.68,270915
185105.000,38.888890,-77.039362,8.1,9.298747,08,2,3.70,269.79,270915
185110.000,38.888880,-77.039443,10.6,7.155198,08,2,2.71,262.87,270915
185115.000,38.888867,-77.039507,11.5,5.678478,08,2,2.20,258.30,270915
185120.000,38.888888,-77.039582,10.6,6.923938,08,2,2.77,277.58,270915
185125.000,38.888890,-77.039670,9.9,7.647516,08,2,2.93,263.40,270915
185130.000,38.888897,-77.039763,8.6,8.111963,08,2,2.90,268.43,270915
185135.000,38.888917,-77.039848,6.3,7.685555,08,2,2.74,269.76,270915
185140.000,38.888913,-77.039913,6.9,5.637960,08,2,2.17,261.84,270915
185145.000,38.888892,-77.039977,6.6,5.987599,08,2,2.45,235.16,270915
185150.000,38.888842,-77.040045,7.8,8.117225,08,2,2.91,228.42,270915
185155.000,38.888780,-77.040118,9.8,9.343631,08,2,2.93,228.89,270915
185200.000,38.888753,-77.040195,10.5,7.267919,08,2,2.62,242.20,270915
185205.000,38.888740,-77.040255,9.3,5.400518,08,2,2.31,244.93,270915
185210.000,38.888722,-77.040325,10.1,6.392305,08,2,2.52,251.67,270915
185215.000,38.888700,-77.040398,11.3,6.788901,08,2,2.66,247.02,270915
185220.000,38.888673,-77.040463,14.4,6.359388,08,2,1.81,257.47,270915
185225.000,38.888667,-77.040517,19.4,4.675171,08,2,1.69,265.87,270915
185230.000,38.888677,-77.040577,22.9,5.310743,08,2,1.85,284.25,270915
185235.000,38.888688,-77.040660,24.2,7.328278,08,2,2.56,281.97,270915
185240.000,38.888718,-77.040738,24.5,7.556016,08,2,2.51,302.99,270915
185245.000,38.888755,-77.040805,25.4,7.065150,08,2,2.35,306.44,270915
185250.000,38.888795,-77.040853,25.6,6.105950,08,2,1.99,301.75,270915
185255.000,38.888807,-77.040912,24.9,5.212772,08,2,1.67,266.62,270915
185300.000,38.888803,-77.040975,25.6,5.494038,08,2,2.04,263.83,270915
185305.000,38.888827,-77.041060,26.5,7.800888,08,2,1.93,275.75,270915
185310.000,38.888835,-77.041148,26.3,7.701226,08,2,2.11,264.73,270915
185315.000,38.888830,-77.041223,27.1,6.515038,08,2,2.00,259.16,270915
185320.000,38.888813,-77.041300,27.9,6.889464,08,2,2.10,248.34,270915
185325.000,38.888805,-77.041383,27.7,7.271807,08,2,2.28,263.98,270915
185330.000,38.888810,-77.041468,27.5,7.377756,08,2,2.01,265.15,270915
185335.000,38.888803,-77.041538,29.3,6.103706,08,2,2.13,251.93,270915
185340.000,38.888800,-77.041620,29.3,7.077989,08,2,2.08,257.36,270915
185345.000,38.888798,-77.041690,29.2,6.061358,08,2,1.92,259.68,270915
185350.000,38.888797,-77.041750,29.9,5.196326,08,2,1.68,261.26,270915
185355.000,38.888798,-77.041810,31.1,5.196326,08,2,1.64,265.02,270915
185400.000,38.888795,-77.041878,30.5,5.925876,08,2,1.76,260.93,270915
185405.000,38.888793,-77.041940,31.6,5.340488,08,2,1.87,260.13,270915
185410.000,38.888792,-77.042020,31.6,6.926507,08,2,2.18,264.08,270915
185415.000,38.888787,-77.042108,30.6,7.665470,08,2,2.31,256.25,270915
185420.000,38.888778,-77.042180,30.7,6.271607,08,2,1.90,258.72,270915
185425.000,38.888762,-77.042237,31.1,5.242982,08,2,1.73,243.38,270915
185430.000,38.888758,-77.042313,31.5,6.645873,08,2,2.03,262.36,270915
185435.000,38.888792,-77.042433,28.7,11.027603,08,2,2.36,274.63,270915
185440.000,38.888788,-77.042517,28.3,7.222047,08,2,2.17,249.13,270915
185445.000,38.888785,-77.042598,28.2,7.077990,08,2,2.07,263.62,270915
185450.000,38.888783,-77.042672,27.8,6.349731,08,2,1.90,252.10,270915
185455.000,38.888783,-77.042742,29.0,6.058525,08,2,1.99,263.66,270915
185500.000,38.888805,-77.042832,28.3,8.153597,08,2,2.35,270.37,270915
185505.000,38.888815,-77.042905,29.9,6.443690,08,2,1.91,274.97,270915
185510.000,38.888812,-77.042972,29.8,5.781914,08,2,1.97,257.34,270915
185515.000,38.888807,-77.043058,29.1,7.521604,08,2,2.25,260.62,270915
185520.000,38.888795,-77.043137,28.6,6.902774,08,2,2.12,252.08,270915
185525.000,38.888783,-77.043208,30.0,6.336982,08,2,2.32,259.32,270915
185530.000,38.888777,-77.043282,30.4,6.390170,08,2,2.22,258.99,270915
185535.000,38.888763,-77.043348,31.1,5.957456,08,2,2.08,249.77,270915
185540.000,38.888758,-77.043400,32.9,4.506199,08,2,1.80,255.24,270915
185545.000,38.888745,-77.043455,34.1,4.985809,08,2,1.59,248.99,270915
185550.000,38.888747,-77.043512,34.6,4.908023,08,2,1.81,261.96,270915
185555.000,38.888758,-77.043567,35.1,4.933873,08,2,1.47,250.85,270915
185600.000,38.888755,-77.043628,36.2,5.350129,08,2,1.80,254.59,270915
185605.000,38.888755,-77.043697,37.7,5.914277,08,2,1.78,266.14,270915
185610.000,38.888762,-77.043773,38.8,6.676809,08,2,1.77,249.65,270915
185615.000,38.888765,-77.043872,37.0,8.518855,08,2,2.17,270.99,270915
185620.000,38.888785,-77.043972,36.0,8.936184,08,2,2.49,271.62,270915
185625.000,38.888792,-77.044080,33.1,9.405546,08,2,2.41,265.86,270915
185630.000,38.888793,-77.044177,30.6,8.368586,08,2,2.41,269.63,270915
185635.000,38.888795,-77.044265,28.7,7.647526,08,2,2.44,267.15,270915
185640.000,38.888792,-77.044348,26.3,7.222046,08,2,2.29,267.47,270915
185645.000,38.888795,-77.044432,24.3,7.222046,08,2,2.27,266.35,270915
185650.000,38.888787,-77.044495,24.4,5.559291,08,2,2.23,265.78,270915
185655.000,38.888795,-77.044582,23.4,7.558048,08,2,2.32,261.36,270915
185700.000,38.888798,-77.044668,23.5,7.510182,08,2,2.46,270.69,270915
185705.000,38.888787,-77.044747,23.9,6.902775,08,2,2.41,261.78,270915
185710.000,38.888790,-77.044830,23.2,7.222047,08,2,2.16,269.73,270915
185715.000,38.888795,-77.044893,22.9,5.509645,08,2,1.90,267.89,270915
185720.000,38.888795,-77.044967,22.7,6.347025,08,2,2.34,267.71,270915
185725.000,38.888807,-77.045043,22.0,6.761148,08,2,2.21,269.08,270915
185730.000,38.888810,-77.045118,21.8,6.501848,08,2,2.32,269.79,270915
185735.000,38.888788,-77.045182,22.1,5.987607,08,2,1.68,260.23,270915
185740.000,38.888788,-77.045247,22.3,5.625773,08,2,2.22,271.01,270915
185745.000,38.888790,-77.045315,23.2,5.917177,08,2,2.42,267.90,270915
185750.000,38.888787,-77.045392,24.2,6.645871,08,2,2.12,261.07,270915
185755.000,38.888785,-77.045468,25.0,6.638115,08,2,2.01,259.52,270915
185800.000,38.888770,-77.045530,26.3,5.591820,08,2,1.92,258.74,270915
185805.000,38.888772,-77.045600,28.8,6.061360,08,2,1.74,265.97,270915
185810.000,38.888760,-77.045665,30.5,5.773410,08,2,1.72,261.27,270915
185815.000,38.888762,-77.045727,30.7,5.340490,08,2,1.74,272.87,270915
185820.000,38.888768,-77.045808,30.2,7.107047,08,2,1.95,260.87,270915
185825.000,38.888763,-77.045878,31.3,6.083983,08,2,2.18,260.49,270915
185830.000,38.888758,-77.045952,31.5,6.371332,08,2,1.64,252.11,270915
185835.000,38.888762,-77.046033,31.2,7.077993,08,2,2.12,271.09,270915
185840.000,38.888767,-77.046120,30.4,7.521609,08,2,2.21,272.94,270915
185845.000,38.888767,-77.046202,29.3,7.068281,08,2,2.23,266.61,270915
185850.000,38.888773,-77.046285,26.5,7.250526,08,2,2.27,269.24,270915
185855.000,38.888777,-77.046358,25.5,6.357840,08,2,1.97,270.65,270915
185900.000,38.888777,-77.046437,24.3,6.779779,08,2,2.12,269.60,270915
185905.000,38.888777,-77.046517,22.9,6.924029,08,2,2.21,270.51,270915
185910.000,38.888773,-77.046598,21.7,7.077992,08,2,2.01,263.11,270915
185915.000,38.888773,-77.046670,20.4,6.202777,08,2,1.96,269.43,270915
185920.000,38.888768,-77.046717,20.1,4.077103,08,2,1.21,261.89,270915
185925.000,38.888765,-77.046772,22.3,4.774679,08,2,1.70,268.33,270915
185930.000,38.888768,-77.046875,18.9,8.951216,08,2,2.01,270.35,270915
185935.000,38.888773,-77.046947,18.5,6.227644,08,2,2.07,275.65,270915
185940.000,38.888777,-77.047017,18.1,6.069853,08,2,2.10,260.54,270915
185945.000,38.888777,-77.047077,17.6,5.193022,08,2,1.62,267.82,270915
185950.000,38.888790,-77.047160,16.7,7.363334,08,2,2.29,284.59,270915
185955.000,38.888808,-77.047235,16.6,6.803855,08,2,2.27,286.15,270915
190000.000,38.888798,-77.047335,16.3,8.726169,08,2,2.65,275.34,270915
190005.000,38.888803,-77.047408,16.4,6.371329,08,2,2.38,277.31,270915
190010.000,38.888800,-77.047500,15.9,7.942434,08,2,2.64,268.52,270915
190015.000,38.888795,-77.047580,15.6,6.946313,08,2,2.14,270.82,270915
190020.000,38.888783,-77.047660,15.7,7.044507,08,2,2.12,242.56,270915
190025.000,38.888778,-77.047713,14.9,4.649381,07,2,1.70,264.37,270915
190030.000,38.888805,-77.047790,12.9,7.267917,09,2,2.08,275.01,270915
190035.000,38.888807,-77.047867,11.8,6.638113,09,2,2.10,265.84,270915
190040.000,38.888808,-77.047937,10.6,6.061357,07,2,2.26,260.56,270915
190045.000,38.888798,-77.048033,10.0,8.440100,09,2,2.73,264.20,270915
190050.000,38.888793,-77.048135,10.1,8.816832,09,2,2.79,259.14,270915
190055.000,38.888768,-77.048207,10.6,6.797214,09,2,1.88,221.40,270915
190100.000,38.888725,-77.048235,10.3,5.406572,09,2,2.23,202.94,270915
190105.000,38.888670,-77.048262,9.8,6.536740,09,2,1.94,199.67,270915
190110.000,38.888615,-77.048295,9.3,6.762054,09,2,2.17,213.66,270915
190115.000,38.888567,-77.048335,9.5,6.392966,09,2,2.50,227.86,270915
190120.000,38.888548,-77.048402,9.9,6.119573,08,2,2.46,259.02,270915
190125.000,38.888550,-77.048483,10.6,7.070732,09,2,2.33,271.90,270915
190130.000,38.888572,-77.048560,10.3,7.059381,09,2,2.58,286.21,270915
190135.000,38.888597,-77.048627,10.5,6.404768,09,2,2.07,282.71,270915
190140.000,38.888600,-77.048702,11.1,6.501867,09,2,2.59,261.27,270915
190145.000,38.888585,-77.048780,11.5,6.981949,09,2,2.56,253.97,270915
190150.000,38.888570,-77.048862,11.9,7.262426,09,2,3.02,259.93,270915
190155.000,38.888563,-77.048942,12.4,6.963619,09,2,2.37,260.33,270915
190200.001,38.888545,-77.049005,12.9,5.848339,09,2,2.25,248.07,270915
190205.000,38.888512,-77.049063,13.8,6.263257,09,2,2.69,238.33,270915
190210.000,38.888485,-77.049145,15.2,7.665075,09,2,2.51,242.81,270915
190215.000,38.888452,-77.049205,16.0,6.380112,09,2,2.54,247.73,270915
190220.000,38.888413,-77.049272,16.3,7.173714,09,2,2.55,237.05,270915
190225.000,38.888372,-77.049330,17.0,6.852458,09,2,2.64,234.71,270915
190230.000,38.888330,-77.049390,17.5,6.959427,09,2,2.55,235.89,270915
190235.000,38.888295,-77.049440,17.0,5.820132,09,2,2.19,229.06,270915
190240.000,38.888263,-77.049493,16.9,5.805738,09,2,2.36,241.93,270915
190245.000,38.888238,-77.049555,16.6,6.017856,09,2,2.10,241.98,270915
190250.000,38.888215,-77.049617,16.5,5.934526,09,2,2.27,247.68,270915
190255.000,38.888203,-77.049685,16.1,6.054926,09,2,2.09,256.08,270915
190300.000,38.888193,-77.049762,16.0,6.728104,09,2,2.12,249.12,270915
190305.000,38.888180,-77.049828,15.4,5.957502,09,2,2.26,250.21,270915
190310.000,38.888167,-77.049893,14.6,5.817901,09,2,2.29,256.44,270915
190315.000,38.888158,-77.049978,14.7,7.414971,09,2,2.61,265.60,270915
190320.000,38.888158,-77.050067,14.9,7.645349,09,2,2.61,270.55,270915
190325.000,38.888173,-77.050133,14.5,6.006307,09,2,2.28,275.43,270915
190330.000,38.888170,-77.050262,14.9,11.113574,09,2,4.84,270.19,270915
190335.000,38.888182,-77.050377,15.3,10.037560,08,2,2.94,277.86,270915
190340.000,38.888197,-77.050458,15.5,7.262464,09,2,2.87,280.60,270915
190345.000,38.888213,-77.050537,15.9,7.028561,09,2,2.37,289.38,270915
190350.000,38.888235,-77.050595,15.8,5.594180,09,2,2.15,295.10,270915
190355.000,38.888257,-77.050645,15.6,4.952984,09,2,1.92,289.13,270915
190400.000,38.888260,-77.050683,15.6,3.338428,09,2,0.73,275.27,270915
190405.000,38.888277,-77.050768,15.7,7.586668,09,2,3.13,283.92,270915
190410.000,38.888303,-77.050858,15.2,8.334870,09,2,2.58,293.49,270915
190415.000,38.888337,-77.050927,14.2,6.979772,09,2,2.21,293.02,270915
190420.000,38.888355,-77.050972,13.9,4.396041,09,2,1.14,304.22,270915
190425.000,38.888367,-77.050988,13.3,1.940043,09,2,0.28,175.43,270915
190430.000,38.888373,-77.050980,12.8,1.034281,09,2,0.26,126.03,270915
190435.000,38.888403,-77.050987,13.3,3.385383,09,2,0.95,311.77,270915
190440.000,38.888433,-77.051032,13.2,5.128083,09,2,2.08,303.27,270915
190445.000,38.888478,-77.051090,13.7,7.108309,09,2,2.51,305.00,270915
190450.000,38.888510,-77.051162,13.6,7.132559,09,2,2.59,292.45,270915
190455.000,38.888533,-77.051238,14.1,7.124762,09,2,2.70,284.64,270915
190500.000,38.888548,-77.051322,14.4,7.402899,09,2,2.73,279.84,270915
190505.000,38.888562,-77.051407,14.7,7.504710,09,2,2.66,276.63,270915
190510.000,38.888562,-77.051485,14.6,6.779799,09,2,2.63,270.19,270915
190515.000,38.888555,-77.051567,14.9,7.107068,09,2,2.76,265.16,270915
190520.000,38.888552,-77.051647,15.4,6.933965,09,2,2.76,264.28,270915
190525.000,38.888552,-77.051727,15.8,6.924051,09,2,2.66,262.10,270915
190530.000,38.888533,-77.051800,16.0,6.666393,09,2,2.66,251.03,270915
190535.000,38.888508,-77.051868,16.1,6.535028,09,2,2.63,248.36,270915
190540.000,38.888485,-77.051940,16.0,6.723572,09,2,2.53,244.47,270915
190545.000,38.888463,-77.052008,16.4,6.386181,09,2,2.67,245.47,270915
190550.000,38.888435,-77.052090,16.8,7.738659,09,2,2.88,243.83,270915
190555.000,38.888413,-77.052170,17.8,7.331236,09,2,2.73,234.36,270915
190600.000,38.888380,-77.052238,18.6,6.979767,09,2,2.69,239.84,270915
190605.000,38.888353,-77.052305,18.7,6.487370,09,2,2.58,245.16,270915
190610.000,38.888332,-77.052378,19.0,6.788932,09,2,2.49,244.14,270915
190615.000,38.888308,-77.052452,19.2,6.856891,09,2,2.73,245.54,270915
190620.000,38.888287,-77.052518,18.9,6.252838,09,2,2.53,243.84,270915
190625.000,38.888258,-77.052577,18.3,5.951155,09,2,2.23,233.55,270915
190630.000,38.888230,-77.052643,17.8,6.574152,09,2,2.67,242.56,270915
190635.000,38.888200,-77.052718,17.3,7.298303,09,2,2.65,239.71,270915
190640.000,38.888177,-77.052795,17.3,7.124791,09,2,2.60,242.66,270915
190645.000,38.888150,-77.052858,17.0,6.232176,09,2,2.41,239.48,270915
190650.000,38.888123,-77.052925,16.5,6.487386,09,2,2.52,241.68,270915
190655.000,38.888095,-77.052993,15.8,6.701127,09,2,2.59,239.96,270915
190700.000,38.888067,-77.053058,15.7,6.447926,08,2,2.73,242.83,270915
190705.000,38.888040,-77.053143,16.5,7.931944,09,2,2.64,243.02,270915
190710.000,38.888015,-77.053217,16.5,6.929163,09,2,2.51,243.90,270915
190715.000,38.887995,-77.053290,17.1,6.725426,09,2,2.78,243.65,270915
190720.000,38.887967,-77.053385,18.3,8.805298,09,2,2.81,239.39,270915
190725.000,38.887932,-77.053450,18.0,6.840786,09,2,2.55,236.79,270915
190730.000,38.887905,-77.053512,17.8,6.105699,09,2,2.47,238.40,270915
190735.000,38.887877,-77.053580,17.4,6.701143,09,2,2.79,243.33,270915
190740.000,38.887850,-77.053653,17.3,7.005582,09,2,2.77,243.52,270915
190745.000,38.887827,-77.053733,16.8,7.394263,09,2,2.78,243.87,270915
190750.000,38.887797,-77.053808,16.3,7.298336,09,2,2.46,233.58,270915
190755.000,38.887767,-77.053880,16.0,7.042968,09,2,2.89,244.65,270915
190800.000,38.887742,-77.053952,16.1,6.797296,08,2,2.89,244.36,270915
190805.000,38.887717,-77.054042,17.3,8.270811,09,2,3.13,245.76,270915
190810.000,38.887688,-77.054145,19.0,9.482356,09,2,2.89,242.63,270915
190815.000,38.887658,-77.054218,18.9,7.170347,09,2,2.68,239.45,270915
190820.000,38.887630,-77.054287,18.8,6.701161,09,2,2.83,242.51,270915
190825.000,38.887605,-77.054362,19.0,7.061569,09,2,2.68,242.34,270915
190830.000,38.887582,-77.054430,18.9,6.458444,09,2,2.61,241.25,270915
190835.000,38.887553,-77.054500,18.4,6.828820,09,2,2.69,243.08,270915
190840.000,38.887532,-77.054570,18.3,6.520074,09,2,2.40,246.81,270915
190845.000,38.887507,-77.054647,18.1,7.194407,09,2,2.74,242.44,270915
190850.000,38.887478,-77.054720,18.1,7.086043,09,2,2.63,237.83,270915
190855.000,38.887448,-77.054797,18.4,7.426960,09,2,2.72,243.89,270915
190900.000,38.887420,-77.054865,18.2,6.701176,09,2,2.52,235.33,270915
190905.000,38.887397,-77.054935,18.0,6.590814,09,2,2.33,249.66,270915
190910.000,38.887377,-77.055007,18.3,6.589512,09,2,2.40,242.33,270915
190915.000,38.887352,-77.055082,18.8,7.061590,09,2,2.71,243.65,270915
190920.000,38.887323,-77.055155,18.7,7.086055,08,2,2.75,241.67,270915
190925.000,38.887295,-77.055230,19.0,7.215554,09,2,2.37,226.17,270915
190930.000,38.887267,-77.055283,18.3,5.588768,09,2,2.22,235.29,270915
190935.000,38.887237,-77.055348,17.8,6.540533,09,2,2.29,241.95,270915
190940.000,38.887210,-77.055415,17.2,6.487452,09,2,2.14,240.46,270915
190945.000,38.887183,-77.055475,16.5,5.980057,09,2,2.35,236.04,270915
190950.000,38.887155,-77.055537,15.6,6.197868,08,2,2.05,236.08,270915
190955.000,38.887128,-77.055603,15.3,6.487458,09,2,1.96,235.23,270915
191000.000,38.887105,-77.055665,14.6,5.934601,09,2,1.92,246.09,270915
191005.000,38.887078,-77.055728,13.2,6.232248,08,2,2.25,234.26,270915
191010.000,38.887052,-77.055810,13.4,7.665206,09,2,2.39,234.80,270915
191015.000,38.887030,-77.055890,13.7,7.331363,09,2,2.67,244.84,270915
191020.000,38.887002,-77.055960,13.2,6.828861,08,2,2.71,241.27,270915
191025.000,38.886977,-77.056030,12.9,6.665979,09,2,2.56,243.81,270915
191030.000,38.886948,-77.056105,12.9,7.215582,09,2,2.62,233.72,270915
191035.000,38.886918,-77.056190,13.5,8.077928,09,2,2.65,240.94,270915
191040.000,38.886888,-77.056267,13.6,7.427007,09,2,2.64,236.44,270915
191045.000,38.886865,-77.056353,14.8,7.937264,09,2,2.76,244.77,270915
191050.000,38.886840,-77.056435,15.7,7.595458,09,2,2.76,242.75,270915
191055.000,38.886817,-77.056513,16.4,7.259449,09,2,2.61,243.06,270915
191100.000,38.886790,-77.056585,16.6,6.875243,09,2,2.56,237.74,270915
191105.000,38.886767,-77.056663,16.9,7.259454,09,2,2.76,245.17,270915
191110.000,38.886745,-77.056745,17.5,7.467783,09,2,2.64,244.87,270915
191115.000,38.886718,-77.056822,18.0,7.268092,09,2,2.75,242.89,270915
191120.000,38.886690,-77.056893,18.0,6.957189,08,2,2.75,243.03,270915
191125.000,38.886663,-77.056965,18.3,6.875253,09,2,2.55,240.39,270915
191130.000,38.886637,-77.057037,18.4,6.875255,09,2,2.62,241.46,270915
191135.000,38.886613,-77.057108,18.2,6.723723,09,2,2.64,243.83,270915
191140.000,38.886590,-77.057185,18.7,7.124929,09,2,2.68,243.95,270915
191145.000,38.886558,-77.057260,18.7,7.384982,09,2,2.63,240.46,270915
191150.000,38.886530,-77.057330,18.8,6.828897,09,2,2.62,241.13,270915
191155.000,38.886503,-77.057397,18.4,6.487503,09,2,2.71,243.80,270915
191200.000,38.886478,-77.057467,17.9,6.666018,09,2,2.64,238.74,270915
191205.000,38.886452,-77.057542,17.9,7.136654,09,2,2.73,245.44,270915
191210.000,38.886425,-77.057608,17.6,6.487509,09,2,2.58,241.91,270915
191215.000,38.886393,-77.057678,17.4,7.007627,09,2,2.47,227.33,270915
191220.000,38.886355,-77.057730,17.2,6.177924,09,2,2.33,230.56,270915
191225.000,38.886328,-77.057790,17.2,5.980111,09,2,2.25,238.08,270915
191230.000,38.886310,-77.057853,17.4,5.848500,09,2,2.43,245.69,270915
191235.000,38.886293,-77.057922,17.0,6.198033,09,2,2.41,244.51,270915
191240.000,38.886270,-77.057992,16.8,6.590902,09,2,2.63,243.25,270915
191245.000,38.886247,-77.058065,16.6,6.857061,09,2,2.51,241.86,270915
191250.000,38.886223,-77.058150,16.3,7.801140,09,2,2.82,244.11,270915
191255.000,38.886195,-77.058233,15.5,7.870842,09,2,2.81,237.34,270915
191300.000,38.886167,-77.058315,15.2,7.738865,09,2,2.76,237.01,270915
191305.000,38.886135,-77.058392,15.1,7.512133,09,2,2.85,239.52,270915
191310.000,38.886110,-77.058472,15.0,7.461465,09,2,2.76,244.06,270915
191315.000,38.886082,-77.058545,14.5,7.086154,09,2,2.81,238.77,270915
191320.000,38.886058,-77.058625,14.0,7.394425,09,2,2.70,242.06,270915
191325.000,38.886033,-77.058703,13.9,7.327798,09,2,2.75,240.93,270915
191330.000,38.886017,-77.058782,14.3,7.028762,09,2,2.68,247.41,270915
191335.000,38.885993,-77.058863,14.4,7.529685,09,2,2.80,246.71,270915
191340.000,38.885967,-77.058938,14.0,7.136694,09,2,2.69,239.35,270915
191345.000,38.885930,-77.058997,13.8,6.489627,09,2,2.64,230.32,270915
191350.000,38.885882,-77.059062,13.5,7.780507,09,2,2.75,214.95,270915
191355.000,38.885833,-77.059098,13.7,6.241508,09,2,2.59,205.82,270915
191400.000,38.885772,-77.059122,13.7,7.148251,09,2,2.58,198.17,270915
191405.000,38.885702,-77.059122,13.3,7.783645,09,2,2.80,188.37,270915
191410.000,38.885632,-77.059115,13.2,7.805004,09,2,2.86,184.56,270915
191415.000,38.885565,-77.059108,12.8,7.435419,09,2,2.83,181.56,270915
191420.000,38.885502,-77.059103,13.2,7.055630,09,2,2.78,174.41,270915
191425.000,38.885440,-77.059088,13.3,6.978850,09,2,2.59,173.11,270915
191430.000,38.885382,-77.059075,13.5,6.588236,09,2,2.69,166.81,270915
191435.000,38.885328,-77.059058,14.4,6.103329,09,2,2.67,166.12,270915
191440.000,38.885267,-77.059048,14.6,6.911433,09,2,2.76,166.26,270915
191445.000,38.885205,-77.059032,14.2,7.007122,09,2,2.48,180.18,270915
191450.000,38.885155,-77.059055,14.4,5.915201,09,2,2.42,223.56,270915
191455.000,38.885132,-77.059108,14.0,5.295422,09,2,2.10,246.32,270915
191500.000,38.885105,-77.059220,14.1,10.109906,09,2,4.66,251.28,270915
191505.000,38.885090,-77.059333,14.0,9.950338,09,2,2.71,263.29,270915
191510.000,38.885098,-77.059418,14.1,7.415286,09,2,2.76,272.86,270915
191515.000,38.885107,-77.059508,14.1,7.844854,09,2,2.80,271.34,270915
191520.000,38.885113,-77.059597,14.4,7.681530,09,2,2.79,271.95,270915
191525.000,38.885120,-77.059680,14.4,7.250895,09,2,2.75,271.77,270915
191530.000,38.885122,-77.059762,14.7,7.071073,09,2,2.76,272.69,270915
191535.000,38.885123,-77.059840,15.1,6.782660,09,2,2.72,270.38,270915
191540.000,38.885128,-77.059920,15.3,6.946669,09,2,2.58,271.54,270915
191545.000,38.885130,-77.059997,15.1,6.638456,09,2,2.63,267.85,270915
191550.000,38.885133,-77.060075,15.1,6.790250,09,2,2.79,274.07,270915
191555.000,38.885142,-77.060155,15.3,6.986110,09,2,2.66,280.79,270915
191600.000,38.885158,-77.060232,15.2,6.889794,09,2,2.73,287.42,270915
191605.000,38.885185,-77.060310,15.3,7.400166,09,2,2.73,293.01,270915
191610.000,38.885203,-77.060378,15.1,6.256034,09,2,2.61,292.10,270915
191615.000,38.885237,-77.060452,15.2,7.350300,09,2,2.81,293.33,270915
191620.000,38.885258,-77.060523,15.1,6.654518,09,2,2.69,286.56,270915
191625.000,38.885275,-77.060602,14.6,7.028831,09,2,2.72,277.87,270915
191630.000,38.885283,-77.060682,15.3,6.986096,09,2,2.72,274.77,270915
191635.000,38.885280,-77.060762,14.8,6.934283,09,2,2.68,259.67,270915
191640.000,38.885262,-77.060838,14.5,6.941928,09,2,2.76,256.99,270915
191645.000,38.885250,-77.060918,14.5,7.044846,09,2,2.75,257.87,270915
191650.000,38.885227,-77.060993,15.0,6.990891,09,2,2.85,238.57,270915
191655.000,38.885195,-77.061072,15.1,7.639939,09,2,2.88,243.41,270915
191700.000,38.885172,-77.061157,16.6,7.801243,09,2,2.57,241.92,270915
191705.000,38.885145,-77.061223,16.7,6.487601,09,2,2.60,246.77,270915
191710.000,38.885127,-77.061298,17.0,6.804174,09,2,2.49,245.27,270915
191715.000,38.885095,-77.061385,16.8,8.286733,09,2,2.78,243.28,270915
191720.000,38.885067,-77.061455,16.5,6.829008,09,2,2.67,240.60,270915
191725.000,38.885035,-77.061523,16.2,6.883384,09,2,2.67,240.14,270915
191730.000,38.885008,-77.061595,15.7,6.875384,09,2,2.67,240.52,270915
191735.000,38.884977,-77.061667,15.4,7.132825,09,2,2.68,240.75,270915
191740.000,38.884955,-77.061745,15.2,7.195463,09,2,2.82,253.56,270915
191745.000,38.884927,-77.061822,15.1,7.345800,09,2,2.61,238.13,270915
191750.000,38.884900,-77.061892,15.6,6.745526,09,2,2.45,240.92,270915
191755.000,38.884877,-77.061960,16.1,6.458650,09,2,2.64,242.28,270915
191800.000,38.884850,-77.062035,16.3,7.136787,09,2,2.69,246.59,270915
191805.000,38.884823,-77.062112,16.0,7.268254,09,2,2.65,241.70,270915
191810.000,38.884798,-77.062183,15.9,6.797531,09,2,2.76,243.25,270915
191815.000,38.884765,-77.062245,15.7,6.498293,09,2,2.66,233.13,270915
191820.000,38.884730,-77.062315,15.8,7.201123,09,2,2.61,234.15,270915
191825.000,38.884700,-77.062382,15.9,6.665198,09,2,2.55,241.69,270915
191830.000,38.884673,-77.062450,15.6,6.616274,09,2,2.55,241.39,270915
191835.000,38.884638,-77.062515,15.6,6.841000,09,2,2.55,238.89,270915
191840.000,38.884613,-77.062592,16.2,7.194656,09,2,2.66,241.75,270915
191845.000,38.884590,-77.062665,16.7,6.857198,09,2,2.59,244.17,270915
191850.000,38.884565,-77.062735,16.1,6.666166,09,2,2.70,244.79,270915
191855.000,38.884542,-77.062807,16.6,6.723889,09,2,2.57,243.22,270915
191900.000,38.884515,-77.062878,16.6,6.875422,09,2,2.65,242.22,270915
191905.000,38.884487,-77.062947,16.3,6.701392,09,2,2.58,242.53,270915
191910.000,38.884457,-77.063018,15.9,7.043222,09,2,2.72,243.63,270915
191915.000,38.884425,-77.063087,15.4,6.883428,09,2,2.72,239.66,270915
191920.000,38.884395,-77.063162,15.6,7.298612,09,2,2.44,237.87,270915
191925.000,38.884370,-77.063235,16.0,6.929461,09,2,2.64,244.70,270915
191930.000,38.884345,-77.063303,16.2,6.535342,09,2,2.69,250.49,270915
191935.000,38.884333,-77.063380,16.4,6.761557,08,2,2.36,250.92,270915
191940.000,38.884310,-77.063452,16.8,6.723908,09,2,2.75,242.15,270915
191945.000,38.884278,-77.063522,17.1,7.007783,09,2,2.80,242.18,270915
191950.000,38.884248,-77.063578,17.1,5.931717,09,2,2.09,231.65,270915
191955.000,38.884222,-77.063598,17.4,3.433536,09,2,0.88,170.08,270915
192000.000,38.884228,-77.063567,17.1,2.839412,08,2,1.43,58.34,270915
192005.000,38.884258,-77.063517,16.3,5.464219,08,2,2.23,26.36,270915
192010.000,38.884312,-77.063477,16.1,6.867071,09,2,2.45,31.39,270915
192015.000,38.884358,-77.063422,16.2,7.041997,09,2,2.67,27.88,270915
192020.000,38.884398,-77.063383,16.0,5.549038,08,2,2.22,31.37,270915
192025.000,38.884440,-77.063355,16.0,5.242150,07,2,2.08,29.26,270915
192030.000,38.884480,-77.063325,15.9,5.150300,03,6,1.14,130.49,270915
192100.000,38.884360,-77.063047,15.9,27.539757,08,2,1.19,146.36,270915
192105.000,38.884057,-77.062780,15.9,40.870692,08,2,1.69,171.34,270915
192110.000,38.884153,-77.062878,16.1,13.710603,09,2,0.90,193.86,270915
192115.000,38.884208,-77.062927,16.7,7.409726,09,2,0.19,280.34,270915
192120.000,38.884212,-77.062927,16.9,0.370650,09,2,0.26,331.18,270915
